500 500 4936
0 19
0 100
0 124
0 126
0 269
0 290
0 297
0 368
0 394
0 427
0 481
1 18
1 98
1 137
1 184
1 382
1 456
2 26
2 34
2 133
2 168
2 174
2 185
2 391
2 408
2 429
3 238
3 307
3 336
3 374
3 461
3 478
4 50
4 112
4 120
4 122
4 126
4 153
4 221
4 330
4 426
5 16
5 43
5 63
5 68
5 87
5 137
5 235
5 248
5 255
5 325
5 424
5 490
6 207
6 211
6 313
6 329
6 373
6 406
7 17
7 155
7 212
7 239
7 266
7 301
7 344
7 367
7 466
8 33
8 71
8 101
8 152
8 208
8 260
8 350
8 355
8 359
8 363
8 391
8 451
8 497
9 1
9 142
9 206
9 220
9 230
9 236
9 338
9 437
10 9
10 20
10 27
10 102
10 123
10 228
10 245
10 276
10 355
10 395
10 424
11 0
11 100
11 102
11 124
11 215
11 228
11 379
11 467
12 21
12 94
12 250
12 304
12 354
13 29
13 134
13 235
13 252
13 254
13 279
13 341
13 414
13 438
14 104
14 174
14 179
14 212
14 215
14 238
14 243
14 302
14 355
14 391
14 418
15 57
15 90
15 155
15 212
15 226
15 249
15 357
15 391
15 409
15 451
15 482
16 17
16 22
16 60
16 140
16 219
16 277
16 308
16 370
16 398
16 495
17 113
17 203
17 276
17 338
17 377
17 379
17 430
17 483
18 77
18 145
18 165
18 182
18 184
18 237
18 249
18 333
18 411
18 473
19 24
19 114
19 144
19 203
19 211
19 277
19 305
19 309
19 350
20 51
20 150
20 300
20 389
20 431
20 446
21 13
21 58
21 83
21 118
21 172
21 267
21 270
21 312
21 337
21 414
21 462
22 30
22 77
22 139
22 147
22 158
22 278
22 370
22 444
23 16
23 94
23 131
23 133
23 199
23 258
23 364
23 397
23 428
24 103
24 183
24 231
24 346
24 351
25 66
25 105
25 133
25 159
25 193
25 194
25 212
25 229
25 264
25 303
25 335
25 374
25 416
25 496
26 6
26 69
26 72
26 74
26 118
26 214
26 281
26 307
26 363
26 369
26 499
27 30
27 170
27 193
27 223
27 233
27 310
27 395
27 403
27 497
28 16
28 112
28 170
28 266
28 274
28 319
28 397
28 403
28 473
29 92
29 138
29 168
29 183
29 307
29 328
29 379
29 433
30 12
30 15
30 62
30 99
30 234
30 245
30 269
30 332
30 406
31 26
31 51
31 70
31 74
31 250
31 307
31 330
31 454
31 487
31 498
32 43
32 103
32 174
32 340
32 402
32 415
33 11
33 39
33 103
33 106
33 119
33 148
33 159
33 166
33 185
33 229
33 232
33 286
33 305
33 350
33 459
33 476
34 18
34 24
34 27
34 81
34 115
34 160
34 245
34 248
34 342
34 486
35 97
35 197
35 226
35 237
35 242
35 309
35 413
35 487
36 54
36 85
36 192
36 199
36 299
36 309
36 370
36 371
36 378
36 447
36 456
37 1
37 69
37 101
37 117
37 176
37 271
37 369
37 430
37 435
38 8
38 36
38 61
38 134
38 202
38 241
38 254
38 355
38 362
38 364
38 368
38 376
38 440
38 488
39 3
39 54
39 141
39 158
39 176
39 226
39 239
39 268
39 277
39 296
39 315
39 335
39 424
39 447
39 493
40 89
40 137
40 144
40 166
40 197
40 336
40 393
40 408
40 427
40 441
41 15
41 27
41 73
41 156
41 195
41 206
41 226
41 246
41 275
41 295
41 298
41 317
41 327
41 342
41 400
42 25
42 37
42 66
42 101
42 119
42 122
42 127
42 214
42 264
42 271
42 318
42 338
42 351
42 359
42 410
42 421
42 476
42 493
43 17
43 108
43 165
43 195
43 222
43 250
43 267
43 282
43 303
43 323
44 177
44 262
44 284
44 285
44 309
44 323
44 333
44 343
44 357
44 404
45 21
45 58
45 115
45 171
45 175
45 277
45 288
45 341
45 401
45 423
45 457
45 464
46 26
46 38
46 50
46 218
46 257
46 289
46 297
46 351
46 388
46 463
47 52
47 71
47 138
47 170
47 180
47 220
47 278
47 291
47 350
47 376
47 379
47 446
47 474
47 492
48 2
48 91
48 203
48 213
48 215
48 284
49 80
49 120
49 154
49 222
49 282
49 300
49 343
49 394
49 405
50 25
50 71
50 77
50 83
50 117
50 140
50 224
50 295
50 333
50 397
51 53
51 70
51 225
52 24
52 36
52 45
52 82
52 100
52 288
52 351
52 362
52 395
52 438
52 458
53 23
53 87
53 95
53 149
53 246
53 306
53 310
53 320
53 470
54 22
54 64
54 68
54 101
54 114
54 150
54 282
54 385
54 465
55 35
55 55
55 67
55 75
55 124
55 129
55 180
55 187
55 246
55 299
55 300
55 376
55 384
55 461
56 84
56 127
56 136
56 165
56 169
56 197
56 204
56 269
56 331
56 341
56 361
57 49
57 126
57 300
57 370
57 430
57 447
58 4
58 80
58 125
58 159
58 160
58 189
58 250
58 306
58 398
58 462
58 491
59 44
59 65
59 98
59 124
59 233
59 271
59 275
59 316
59 317
59 431
59 473
60 57
60 75
60 282
60 283
60 289
60 315
60 353
60 406
60 436
60 478
60 489
61 51
61 89
61 197
61 220
61 264
61 287
61 427
62 0
62 53
62 75
62 122
62 182
62 245
62 267
62 329
62 338
62 405
62 416
62 482
62 485
63 218
63 228
63 277
63 357
63 421
63 432
64 41
64 43
64 148
64 163
64 190
64 304
64 378
64 465
65 59
65 178
65 179
65 217
65 273
65 304
65 309
65 313
65 416
65 460
65 463
66 63
66 234
66 297
66 310
66 401
66 439
67 7
67 34
67 77
67 187
67 199
67 211
67 220
67 221
67 271
67 309
67 317
67 360
67 450
68 15
68 92
68 239
68 254
68 260
68 464
68 467
69 179
69 189
69 216
69 233
69 236
69 272
69 387
69 402
69 419
69 427
69 446
69 476
69 483
70 58
70 77
70 116
70 176
70 281
70 292
70 384
70 395
70 397
70 430
71 22
71 59
71 75
71 100
71 269
71 335
71 426
71 463
71 467
72 15
72 40
72 66
72 67
72 78
72 190
72 241
72 249
72 440
72 442
72 489
73 40
73 79
73 179
73 210
73 228
73 229
73 277
73 279
73 293
73 357
73 441
73 451
74 19
74 58
74 80
74 89
74 161
74 180
74 279
74 305
74 313
74 372
74 387
74 399
74 496
75 7
75 69
75 134
75 219
75 229
75 321
75 338
75 352
75 384
75 450
75 476
76 107
76 173
76 277
76 284
76 300
76 411
76 453
77 14
77 99
77 211
77 226
77 273
77 403
77 426
77 458
78 18
78 84
78 122
78 130
78 155
78 265
78 280
78 281
78 338
78 370
78 455
79 30
79 45
79 122
79 190
79 330
79 378
79 388
79 439
79 482
80 26
80 31
80 75
80 200
80 210
80 245
80 271
80 289
80 310
80 313
80 343
80 380
80 454
80 480
81 43
81 71
81 200
81 207
81 241
81 370
81 384
81 405
81 408
81 414
81 424
81 425
81 495
82 45
82 59
82 94
82 97
82 143
82 206
82 282
82 297
82 314
82 318
82 324
82 348
82 352
83 54
83 69
83 141
83 145
83 161
83 308
83 436
83 469
83 470
84 61
84 71
84 109
84 147
84 225
84 358
84 400
84 408
84 447
84 449
84 463
85 33
85 109
85 122
85 166
85 260
85 375
85 429
85 466
85 471
85 473
85 479
85 499
86 81
86 193
86 221
86 319
86 363
86 398
86 495
86 496
87 37
87 59
87 106
87 157
87 175
87 205
87 211
87 264
87 382
87 478
88 5
88 268
88 291
88 328
88 347
88 357
88 405
88 465
88 473
88 485
89 34
89 68
89 145
89 181
89 341
89 406
90 48
90 138
90 195
90 232
90 242
90 257
90 336
90 419
90 427
90 471
91 106
91 213
91 258
91 268
91 307
91 442
91 454
92 25
92 64
92 66
92 89
92 133
92 165
92 183
92 224
92 277
92 409
93 45
93 175
93 255
93 288
93 323
93 329
93 339
93 345
93 348
93 370
93 424
93 441
93 442
93 458
94 64
94 78
94 201
94 227
94 345
94 415
94 433
94 443
94 468
94 474
95 39
95 133
95 150
95 205
95 326
95 372
95 376
95 387
95 431
95 449
95 464
96 102
96 158
96 180
96 188
96 228
96 289
96 313
96 362
96 388
96 397
97 117
97 118
97 161
97 163
97 224
97 344
97 428
97 435
97 458
98 77
98 98
98 116
98 133
98 174
98 223
98 235
98 238
98 276
98 288
98 393
98 425
98 426
98 481
99 42
99 106
99 114
99 219
99 267
99 284
99 289
99 394
99 409
99 447
100 76
100 134
100 202
100 278
100 384
100 421
100 440
100 442
100 461
100 486
100 492
101 23
101 24
101 26
101 64
101 110
101 160
101 256
101 271
101 284
101 330
101 376
101 411
101 479
102 49
102 56
102 84
102 163
102 313
102 321
102 338
102 361
103 49
103 111
103 151
103 172
103 213
103 240
103 257
103 275
103 319
103 399
103 446
104 74
104 114
104 216
104 236
104 271
104 297
104 323
104 375
104 494
105 3
105 7
105 108
105 111
105 208
105 217
105 297
105 305
105 374
105 426
106 23
106 71
106 84
106 116
106 146
106 276
106 289
106 290
106 296
106 399
106 413
106 444
106 468
107 3
107 29
107 50
107 275
107 285
107 295
107 361
107 395
107 401
107 483
108 166
108 331
108 340
108 419
109 111
109 153
109 183
109 233
109 282
109 299
109 454
109 467
110 155
110 158
110 159
110 171
110 190
110 272
110 328
110 405
110 410
111 60
111 110
111 118
111 146
111 170
111 209
111 235
111 391
111 430
111 451
111 471
112 46
112 254
112 257
112 288
112 321
112 347
112 372
112 381
112 455
112 481
113 10
113 14
113 52
113 94
113 112
113 132
113 170
113 401
113 402
114 45
114 70
114 175
114 212
114 220
114 224
114 355
114 418
114 495
115 0
115 124
115 139
115 152
115 193
115 275
115 318
115 330
115 354
115 378
115 464
116 14
116 39
116 103
116 153
116 201
116 207
116 457
116 474
117 158
117 176
117 209
117 210
117 249
117 311
117 342
117 391
117 408
117 421
118 28
118 286
118 293
118 305
118 394
118 495
119 32
119 40
119 78
119 139
119 302
119 315
119 332
119 348
119 349
119 418
119 466
120 32
120 98
120 179
120 207
120 237
120 239
120 379
120 477
120 496
121 16
121 44
121 129
121 351
121 353
121 367
121 389
121 490
122 54
122 117
122 212
122 313
122 369
122 452
123 17
123 47
123 63
123 126
123 133
123 140
123 227
123 280
123 328
123 343
124 72
124 91
124 114
124 146
124 148
124 153
124 174
124 261
124 319
125 7
125 65
125 102
125 111
125 134
125 136
125 284
125 285
125 321
126 20
126 78
126 101
126 253
126 270
126 275
126 281
126 386
126 408
127 20
127 69
127 174
127 181
127 220
127 246
127 253
127 416
128 66
128 108
128 134
128 212
128 220
128 283
128 292
128 305
128 366
128 474
129 26
129 42
129 87
129 96
129 99
129 201
129 223
129 241
129 272
129 351
129 386
129 391
129 394
129 431
130 46
130 53
130 96
130 112
130 121
130 145
130 147
130 177
130 235
130 280
130 307
130 346
130 421
130 453
131 12
131 65
131 115
131 141
131 315
131 400
131 413
131 468
132 7
132 8
132 19
132 83
132 109
132 155
132 183
132 363
132 398
133 104
133 122
133 127
133 215
133 222
133 289
133 320
133 322
133 442
133 489
133 499
134 69
134 77
134 128
134 133
134 146
134 151
134 194
134 198
134 206
134 222
134 228
134 303
134 362
134 365
134 389
134 449
135 108
135 161
135 167
135 216
135 218
135 303
135 330
135 338
135 343
135 448
135 484
136 8
136 38
136 88
136 145
136 192
136 214
136 233
136 278
136 328
136 349
136 394
136 411
136 456
137 97
137 193
137 194
137 207
137 408
137 430
137 432
138 1
138 14
138 33
138 190
138 229
138 285
138 312
138 372
138 373
138 437
139 69
139 92
139 136
139 243
139 272
139 303
139 384
139 398
139 426
140 82
140 84
140 87
140 128
140 137
140 177
140 211
140 249
140 258
140 282
140 288
140 301
140 465
141 0
141 25
141 38
141 172
141 259
141 382
142 37
142 40
142 93
142 97
142 192
142 194
142 236
142 276
142 401
142 439
142 495
143 23
143 49
143 74
143 172
143 242
143 273
143 332
143 413
143 434
144 29
144 81
144 83
144 187
144 192
144 208
144 233
144 239
144 298
144 368
144 379
144 390
144 402
144 473
144 481
145 131
145 161
145 163
145 226
145 234
145 267
145 285
145 324
145 381
145 385
145 434
145 437
145 493
146 28
146 49
146 134
146 262
146 329
146 365
146 418
146 478
147 126
147 186
147 212
147 233
147 249
147 385
147 420
147 442
148 89
148 107
148 234
148 243
148 339
148 380
148 431
148 458
148 497
149 10
149 36
149 121
149 174
149 204
149 212
149 306
149 325
149 344
149 367
149 368
149 379
149 490
150 19
150 41
150 65
150 148
150 181
150 212
150 344
150 362
150 423
150 445
151 14
151 15
151 101
151 110
151 129
151 172
151 199
151 256
151 382
152 70
152 75
152 181
152 222
152 383
152 397
153 52
153 78
153 90
153 146
153 242
153 248
153 349
153 456
153 469
154 48
154 65
154 77
154 173
154 190
154 264
154 295
154 326
154 367
154 399
154 425
154 434
155 62
155 120
155 158
155 185
155 206
155 245
155 254
155 267
155 276
155 334
155 421
155 498
156 104
156 178
156 190
156 349
156 382
156 385
156 399
156 441
156 475
157 52
157 403
157 496
158 51
158 98
158 113
158 349
158 365
158 425
158 442
158 482
159 26
159 45
159 124
159 137
159 147
159 159
159 168
159 187
159 218
159 297
159 332
159 341
159 380
159 419
159 464
159 478
160 11
160 17
160 33
160 74
160 110
160 172
160 175
160 428
161 32
161 50
161 56
161 80
161 142
161 174
161 232
161 234
161 356
161 397
161 462
162 6
162 72
162 87
162 232
162 237
162 264
162 286
162 303
162 304
162 325
162 389
162 391
163 14
163 49
163 184
163 211
163 233
163 272
163 320
163 394
163 416
163 476
164 58
164 113
164 182
164 218
164 240
164 280
164 323
164 354
164 414
165 89
165 94
165 214
165 218
165 421
165 435
166 19
166 127
166 184
166 306
166 386
166 391
167 2
167 96
167 101
167 108
167 209
167 215
167 233
167 353
167 371
167 440
167 441
168 54
168 102
168 112
168 233
168 268
168 307
168 342
168 356
169 10
169 22
169 61
169 111
169 126
169 149
169 256
169 329
169 426
169 455
170 98
170 109
170 121
170 190
170 209
170 246
170 285
170 306
170 337
170 366
170 390
170 412
170 476
171 3
171 122
171 162
171 208
171 266
171 319
171 342
171 460
172 81
172 187
172 216
172 240
172 243
172 323
172 335
172 345
172 374
172 412
172 483
173 1
173 50
173 104
173 150
173 279
173 294
173 323
173 366
173 383
173 391
173 408
173 429
173 466
174 27
174 29
174 131
174 160
174 210
174 214
174 215
174 348
174 366
174 378
175 37
175 63
175 203
175 250
175 331
175 334
175 392
176 39
176 64
176 150
176 166
176 287
176 341
176 385
176 413
177 14
177 59
177 61
177 97
177 179
177 189
177 192
177 233
177 254
177 255
177 257
177 423
177 444
178 2
178 28
178 120
178 126
178 137
178 181
178 188
178 207
178 268
178 312
178 378
178 380
178 388
178 409
178 415
178 499
179 7
179 56
179 58
179 189
179 213
179 240
179 243
179 261
179 277
179 287
179 307
179 394
180 33
180 43
180 66
180 99
180 132
180 183
180 184
180 201
180 212
180 218
180 224
180 248
180 265
180 292
180 303
180 383
180 448
181 153
181 209
181 240
181 313
181 332
181 349
181 499
182 17
182 192
182 223
182 280
182 359
182 382
182 467
183 5
183 61
183 81
183 111
183 113
183 290
183 495
184 13
184 84
184 332
184 359
184 410
184 443
184 446
184 472
185 46
185 166
185 259
185 310
185 328
185 386
186 121
186 169
186 270
186 425
186 484
187 46
187 48
187 159
187 195
187 220
187 257
187 372
187 402
187 426
187 448
187 491
188 2
188 75
188 169
188 224
188 253
188 285
188 291
188 378
188 392
188 406
188 427
189 122
189 222
189 225
189 275
189 368
189 401
190 2
190 127
190 244
190 266
190 355
190 356
190 373
190 375
190 408
190 452
190 467
190 470
191 19
191 64
191 216
191 221
191 234
191 287
191 352
191 367
191 454
191 455
191 467
191 468
192 26
192 27
192 45
192 53
192 116
192 177
192 194
192 249
192 382
192 391
192 406
192 450
192 455
192 499
193 33
193 53
193 71
193 245
193 339
193 364
193 423
193 431
193 434
193 482
194 45
194 123
194 234
195 50
195 163
195 176
195 194
195 216
195 250
195 283
195 290
195 300
195 315
195 362
195 380
195 394
195 467
195 470
196 51
196 86
196 165
196 228
196 248
196 258
196 299
196 411
196 465
196 483
197 49
197 113
197 210
197 224
197 230
197 307
197 392
197 399
197 422
197 478
198 6
198 63
198 152
198 205
198 258
198 262
198 275
198 280
198 327
198 328
198 332
198 371
198 388
198 389
198 492
199 21
199 39
199 134
199 153
199 173
199 231
199 253
199 352
199 400
199 443
200 33
200 44
200 94
200 113
200 124
200 208
200 216
200 381
200 419
200 424
200 445
201 41
201 56
201 144
201 249
201 275
201 384
201 396
202 85
202 147
202 160
202 161
202 289
202 295
202 350
202 368
202 382
202 401
202 449
203 17
203 283
203 348
203 368
203 391
203 458
203 459
204 4
204 39
204 49
204 59
204 87
204 90
204 105
204 137
204 155
204 201
204 261
205 25
205 61
205 67
205 87
205 119
205 123
205 127
205 200
205 305
205 384
205 439
206 13
206 22
206 49
206 62
206 174
206 285
206 416
207 113
207 132
207 150
207 189
207 244
207 253
207 364
207 440
207 443
207 498
208 9
208 72
208 77
208 204
208 248
208 289
208 309
208 394
208 455
208 484
209 5
209 74
209 172
209 187
209 239
209 301
209 321
209 370
209 397
209 476
210 39
210 57
210 91
210 171
210 252
210 258
210 348
210 350
210 442
210 449
210 464
211 27
211 103
211 141
211 142
211 158
211 220
211 369
211 382
211 402
211 422
211 467
212 1
212 8
212 47
212 84
212 120
212 149
212 159
212 196
212 264
212 347
212 351
212 353
212 358
212 366
212 384
212 395
212 454
212 459
213 18
213 369
213 432
213 464
213 484
214 26
214 170
214 197
214 205
214 301
214 442
214 466
215 88
215 254
215 322
215 381
215 408
215 466
215 489
216 45
216 133
216 216
216 337
216 361
216 366
216 375
216 378
216 466
217 215
217 267
217 368
217 422
217 444
217 476
217 479
218 55
218 219
218 287
218 366
218 406
218 441
218 459
218 462
219 4
219 99
219 116
219 266
219 267
219 427
220 44
220 73
220 88
220 124
220 263
220 344
220 415
220 442
220 478
221 10
221 37
221 86
221 88
221 99
221 164
221 170
221 212
221 230
221 341
221 426
221 441
221 450
222 42
222 108
222 138
222 411
223 21
223 132
223 136
223 217
223 259
223 364
223 432
224 133
224 141
224 186
224 248
224 276
224 277
224 337
224 352
224 365
224 445
224 452
225 39
225 110
225 135
225 165
225 206
225 292
225 312
225 382
225 438
226 13
226 181
226 182
226 237
226 311
226 359
226 455
226 479
227 0
227 84
227 100
227 120
227 237
227 243
227 251
227 260
227 364
227 391
227 397
227 469
228 13
228 74
228 78
228 194
228 282
228 422
228 491
229 22
229 101
229 141
229 226
229 266
229 278
229 346
229 350
230 52
230 62
230 92
230 108
230 151
230 160
230 216
230 318
230 319
230 429
231 101
231 103
231 131
231 189
231 196
231 202
231 228
231 309
231 329
231 352
231 376
231 390
231 435
231 439
232 7
232 99
232 110
232 118
232 126
232 236
232 295
232 328
232 409
233 176
233 288
233 292
233 308
233 316
233 362
233 415
234 19
234 202
234 203
234 219
234 286
234 306
234 338
234 392
234 425
234 449
235 54
235 71
235 132
235 142
235 166
235 174
235 195
235 230
235 311
235 339
235 373
235 390
235 406
235 461
235 465
236 2
236 29
236 31
236 88
236 155
236 177
236 232
236 264
236 366
236 460
236 497
237 6
237 70
237 79
237 82
237 125
237 150
237 227
237 234
237 328
237 421
237 483
237 491
237 495
238 111
238 176
238 236
238 243
238 267
238 331
238 348
238 420
239 32
239 104
239 144
239 193
239 201
239 356
239 479
240 35
240 230
240 231
240 384
240 487
241 5
241 81
241 112
241 128
241 169
241 180
241 253
241 270
241 276
241 313
241 375
241 432
241 446
242 157
242 200
242 273
242 438
243 16
243 47
243 129
243 181
243 197
243 245
243 246
243 257
243 326
243 365
243 397
243 432
243 491
244 26
244 58
244 72
244 219
244 337
244 401
244 411
244 453
244 473
245 51
245 57
245 91
245 152
245 186
245 226
245 269
245 304
245 350
245 380
245 464
246 65
247 96
247 188
247 206
247 281
247 311
247 318
247 361
247 404
247 461
247 483
248 12
248 41
248 104
248 195
248 220
248 289
248 304
248 327
248 424
248 488
249 4
249 100
249 260
249 275
249 372
249 488
250 4
250 82
250 86
250 177
250 181
250 207
250 319
250 325
250 326
250 330
250 393
250 486
251 1
251 204
251 220
251 279
251 308
251 331
251 419
251 430
251 474
251 499
252 83
252 89
252 96
252 199
252 251
252 369
252 399
252 425
252 438
253 117
253 156
253 182
253 189
253 200
253 297
253 352
253 446
253 457
254 25
254 28
254 77
254 182
254 239
254 243
254 282
254 284
254 310
254 321
254 336
254 395
254 417
254 484
255 46
255 53
255 112
255 141
255 160
255 245
255 249
255 270
255 286
255 313
255 348
255 365
256 124
256 169
256 217
256 230
256 290
256 345
256 420
256 421
257 100
257 157
257 223
257 312
257 434
258 19
258 145
258 189
258 221
258 240
258 280
258 301
258 378
258 409
258 425
258 428
259 13
259 62
259 74
259 103
259 113
259 136
259 168
259 170
259 298
259 489
260 89
260 92
260 162
260 217
260 232
260 298
260 317
260 327
260 401
260 448
261 80
261 182
261 201
261 206
261 272
261 309
261 323
261 340
261 394
261 428
261 449
261 485
262 89
262 140
262 233
262 235
262 289
262 312
262 314
262 350
262 401
262 437
262 453
262 455
262 472
262 474
262 482
263 25
263 62
263 102
263 190
263 219
263 267
263 446
263 453
263 455
263 473
264 19
264 48
264 60
264 214
264 264
264 268
264 458
264 497
265 23
265 54
265 60
265 228
265 255
265 279
265 374
265 427
265 484
265 488
266 20
266 90
266 140
266 148
266 158
266 197
266 284
266 371
266 451
266 470
267 137
267 157
267 172
267 198
267 344
267 346
268 17
268 104
268 302
268 442
269 99
269 121
269 128
269 185
269 197
269 207
269 230
269 285
269 316
269 336
269 363
269 389
269 419
269 468
270 62
270 149
270 163
270 199
270 280
270 301
270 354
270 381
270 448
270 460
271 19
271 110
271 166
271 173
271 176
271 195
271 216
271 257
271 300
271 336
271 417
271 478
272 27
272 45
272 48
272 80
272 350
272 441
272 478
273 37
273 43
273 89
273 138
273 337
273 419
273 457
274 60
274 89
274 181
274 218
274 231
274 252
274 344
274 418
274 448
274 473
275 46
275 51
275 100
275 105
275 119
275 233
275 255
275 319
275 397
275 425
275 436
276 24
276 26
276 60
276 92
276 105
276 106
276 138
276 223
276 268
276 271
276 314
276 324
276 465
276 480
277 49
277 62
277 91
277 102
277 150
277 179
277 270
277 377
277 412
278 51
278 66
278 131
278 154
278 160
278 185
278 195
278 242
278 243
278 358
278 363
278 399
279 58
279 78
279 79
279 81
279 121
279 250
279 293
279 307
279 331
279 338
279 383
279 395
279 421
279 427
279 448
279 456
279 479
280 38
280 97
280 110
280 157
280 202
280 222
280 229
280 270
280 439
280 490
281 39
281 49
281 70
281 172
281 257
281 337
281 364
281 382
281 426
282 124
282 174
282 178
282 248
282 249
282 282
282 343
282 390
282 404
283 10
283 64
283 83
283 104
283 116
283 152
283 170
283 201
283 255
283 389
283 431
283 454
283 468
284 152
284 240
284 246
284 272
284 386
284 443
284 447
285 94
285 114
285 227
285 269
285 279
285 285
285 297
285 334
285 410
286 22
286 44
286 178
286 182
286 211
286 278
286 303
286 329
286 345
286 380
286 399
287 40
287 45
287 98
287 146
287 174
287 202
287 398
287 432
287 484
287 498
288 15
288 197
288 207
288 217
288 237
288 245
288 253
288 318
288 346
288 356
288 469
288 470
288 480
289 17
289 89
289 104
289 157
289 186
289 260
289 365
289 368
289 383
289 435
290 101
290 121
290 130
290 191
290 218
290 229
290 309
290 320
290 434
290 465
291 77
291 81
291 93
291 119
291 185
291 318
291 383
291 464
292 64
292 75
292 98
292 204
292 261
292 321
292 401
293 2
293 43
293 74
293 171
293 204
293 206
293 231
293 295
293 347
293 405
293 412
293 427
293 439
293 491
294 86
294 93
294 147
294 201
294 304
294 498
295 109
295 122
295 174
295 199
295 216
295 369
295 397
295 403
296 78
296 127
296 159
296 203
296 209
296 287
296 300
296 321
296 366
296 380
296 429
296 484
297 2
297 84
297 141
297 148
297 160
297 225
297 315
297 324
297 330
297 465
297 468
298 13
298 53
298 368
298 402
298 415
298 424
298 499
299 3
299 28
299 29
299 78
299 92
299 225
299 244
299 258
299 260
299 355
299 397
299 458
300 3
300 37
300 42
300 108
300 123
300 204
300 223
300 432
300 450
301 103
301 104
301 182
301 202
301 253
301 259
301 398
301 454
301 472
301 489
302 0
302 89
302 127
302 353
302 461
302 480
303 9
303 28
303 226
303 269
303 324
303 345
303 395
303 407
303 410
303 480
304 8
304 11
304 26
304 40
304 63
304 82
304 180
304 197
304 236
304 253
304 377
304 430
304 451
305 27
305 74
305 79
305 154
305 157
305 194
305 206
305 231
305 250
305 253
305 315
305 341
305 432
305 456
305 485
306 4
306 32
306 35
306 87
306 96
306 123
306 131
306 200
306 264
306 294
306 355
306 389
306 410
306 491
307 230
307 246
307 261
307 311
307 321
307 327
307 384
307 422
307 496
308 45
308 77
308 80
308 123
308 238
308 276
308 342
308 363
308 379
308 407
308 422
309 38
309 46
309 97
309 126
309 127
309 164
309 202
309 244
309 313
309 434
309 480
310 20
310 102
310 118
310 166
310 170
310 203
310 308
310 343
310 346
310 356
311 11
311 38
311 81
311 169
311 177
311 207
311 389
311 428
312 18
312 51
312 91
312 98
312 100
312 131
312 143
312 166
312 280
312 336
312 488
313 112
313 290
313 429
314 66
314 68
314 97
314 104
314 125
314 157
314 248
314 262
314 295
314 312
314 328
314 346
314 355
314 439
315 14
315 30
315 83
315 137
315 368
315 424
315 461
315 490
316 13
316 51
316 104
316 141
316 150
316 171
316 193
316 199
316 209
316 216
316 418
316 483
317 44
317 289
317 413
317 441
317 448
318 55
318 56
318 61
318 89
318 126
318 130
318 352
318 353
318 356
318 375
318 408
318 423
318 442
318 467
319 12
319 20
319 107
319 126
319 147
319 251
319 270
319 276
319 288
319 295
319 301
319 356
320 23
320 102
320 146
320 148
320 410
320 446
321 6
321 137
321 142
321 177
321 199
321 220
321 266
321 267
321 287
321 339
321 341
321 381
321 384
321 469
322 5
322 16
322 38
322 175
322 253
322 332
322 342
322 460
322 465
323 6
323 36
323 66
323 114
323 146
323 237
323 261
323 361
323 411
323 439
323 444
324 61
324 150
324 214
324 235
324 260
324 271
324 278
324 310
324 322
324 356
325 202
325 204
325 246
325 396
325 398
325 454
326 0
326 58
326 62
326 141
326 209
326 224
326 316
326 333
326 346
326 398
326 439
326 454
327 13
327 80
327 143
327 151
327 192
327 299
327 377
327 416
327 426
327 475
327 476
327 493
327 494
328 59
328 93
328 271
328 337
328 362
328 363
328 474
328 480
328 481
328 498
329 126
329 191
329 241
329 247
329 253
329 323
329 349
329 356
329 370
329 483
329 490
330 33
330 54
330 70
330 72
330 133
330 134
330 150
330 172
330 230
330 287
330 349
330 396
331 82
331 142
331 306
331 381
331 391
331 396
331 402
331 413
331 488
332 53
332 85
332 116
332 170
332 224
332 352
332 374
332 397
332 460
333 55
333 94
333 101
333 220
333 327
333 375
333 420
333 498
334 25
334 47
334 51
334 126
334 138
334 205
334 230
334 271
334 301
334 366
334 371
334 380
334 400
334 449
334 453
335 4
335 10
335 21
335 195
335 215
335 348
335 366
335 411
335 444
336 50
336 210
336 243
336 256
336 298
336 381
336 400
336 437
337 131
337 167
337 180
337 200
337 204
337 401
337 449
337 468
337 470
337 489
337 498
338 59
338 134
338 170
338 171
338 199
338 210
338 289
338 303
338 462
338 496
339 19
339 48
339 73
339 81
339 253
339 294
339 312
339 362
339 390
339 395
339 441
339 487
339 489
340 89
340 175
340 200
340 202
340 238
340 265
340 290
340 327
340 344
340 351
340 407
340 409
341 12
341 79
341 88
341 135
341 148
341 160
341 176
341 177
341 351
341 404
341 464
342 116
342 331
342 359
342 382
342 491
343 137
343 149
343 264
343 356
343 413
344 47
344 79
344 98
344 191
344 293
344 339
344 349
344 361
344 391
344 444
345 22
345 146
345 205
345 206
345 212
345 216
345 275
345 312
345 409
345 414
345 472
346 49
346 53
346 135
346 164
346 212
346 219
346 226
346 299
346 323
346 326
346 389
346 488
347 1
347 22
347 53
347 75
347 86
347 92
347 217
347 249
347 310
347 312
347 337
347 342
347 359
347 405
348 13
348 20
348 88
348 131
348 155
348 237
348 240
349 8
349 62
349 68
349 77
349 88
349 173
349 177
349 206
349 339
349 376
349 399
349 443
349 462
349 474
349 485
350 12
350 17
350 32
350 49
350 58
350 107
350 154
350 237
350 244
350 357
350 376
350 404
350 405
350 435
350 449
351 198
351 273
351 274
351 279
351 280
351 343
351 481
352 7
352 38
352 42
352 75
352 97
352 125
352 150
352 168
352 379
352 400
352 426
353 75
353 215
353 301
353 347
353 440
353 456
354 67
354 136
354 147
354 188
354 265
354 348
354 384
354 449
355 217
355 231
355 388
355 445
355 487
356 24
356 77
356 218
356 222
356 271
356 285
356 315
356 346
356 383
356 401
356 402
356 425
356 449
356 492
357 198
357 272
357 310
357 362
358 52
358 84
358 102
358 272
358 274
358 289
358 349
358 367
358 390
358 449
358 469
358 486
359 33
359 66
359 97
359 104
359 111
359 166
359 216
359 307
359 393
359 408
359 411
359 432
359 457
359 477
360 76
360 84
360 187
360 238
360 242
360 283
360 307
360 368
360 372
360 429
360 458
360 484
361 94
361 103
361 115
361 124
361 339
361 371
361 421
361 455
362 10
362 29
362 118
362 182
362 247
362 248
362 382
362 383
362 481
362 498
363 55
363 172
363 312
363 358
363 416
363 482
364 39
364 40
364 52
364 86
364 170
364 204
364 245
364 275
364 301
364 335
364 464
364 485
365 45
365 136
365 152
365 180
365 195
365 278
365 283
365 413
365 479
365 494
365 498
366 47
366 149
366 175
366 251
366 342
366 349
366 358
366 431
366 470
366 480
366 481
367 66
367 151
367 234
367 273
367 306
367 379
368 14
368 99
368 151
368 178
368 263
368 273
368 329
368 331
368 333
368 358
368 409
368 458
368 460
368 485
369 115
369 185
369 232
369 245
369 367
369 384
369 468
370 48
370 52
370 163
370 238
370 252
370 281
370 355
370 421
370 431
370 472
370 492
371 70
371 180
371 192
371 214
371 219
371 230
371 314
371 324
371 333
371 475
372 40
372 80
372 108
372 222
372 227
372 316
372 329
372 385
372 428
373 55
373 78
373 143
373 210
373 212
373 354
374 93
374 133
374 277
374 325
374 339
374 362
374 402
374 414
374 417
374 422
374 436
375 28
375 124
375 127
375 182
375 262
375 270
375 282
375 472
375 481
376 48
376 93
376 214
376 258
376 312
376 401
376 417
376 459
376 494
377 27
377 34
377 105
377 158
377 175
377 231
377 278
377 442
377 495
378 59
378 113
378 133
378 194
378 257
378 260
378 327
378 378
378 480
378 481
379 1
379 108
379 149
379 150
379 181
379 190
379 243
379 315
379 319
379 401
379 419
380 11
380 108
380 182
380 207
380 227
380 304
381 175
381 274
381 309
381 341
381 360
382 5
382 93
382 96
382 118
382 146
382 151
382 155
382 192
382 218
382 227
382 259
382 396
382 410
382 427
382 477
383 18
383 64
383 96
383 133
383 186
383 188
383 498
384 84
384 92
384 151
384 179
384 220
384 237
384 260
384 272
384 280
384 326
384 332
384 365
384 395
384 421
384 445
385 9
385 13
385 25
385 36
385 60
385 94
385 132
385 133
385 224
385 232
385 245
385 257
385 261
385 341
385 444
385 473
385 492
386 43
386 55
386 196
386 246
386 258
386 288
386 325
386 410
386 478
386 493
387 39
387 71
387 112
387 240
387 360
387 376
387 392
387 443
388 25
388 61
388 214
388 265
388 320
388 417
388 498
389 55
389 120
389 287
389 399
389 433
390 3
390 24
390 107
390 362
390 382
390 429
391 56
391 70
391 78
391 115
391 251
391 263
391 274
391 394
391 469
391 471
392 11
392 81
392 146
392 174
392 266
392 319
392 451
393 15
393 51
393 108
393 141
393 143
393 162
393 172
393 276
393 295
393 305
393 376
393 387
393 424
394 116
394 124
394 145
394 247
394 254
394 267
394 365
395 98
395 275
395 325
395 383
395 395
395 424
395 431
395 441
395 476
395 485
396 22
396 123
396 129
396 169
396 185
396 194
396 201
396 210
396 353
396 358
396 463
397 22
397 54
397 56
397 109
397 195
397 199
397 280
397 324
397 356
397 379
397 391
397 421
397 431
398 68
398 89
398 298
398 353
398 414
398 439
399 0
399 104
399 121
399 246
399 391
400 23
400 239
400 262
400 265
400 308
400 315
400 321
400 413
400 414
400 442
401 1
401 152
401 162
401 307
401 366
401 371
401 417
401 427
401 428
401 450
402 36
402 66
402 92
402 131
402 178
402 184
402 292
402 304
402 346
402 377
403 20
403 52
403 74
403 154
403 170
403 209
403 213
403 220
403 252
403 264
403 360
403 369
403 384
403 463
403 467
404 97
404 101
404 130
404 242
404 317
404 348
404 386
404 431
404 451
404 492
405 40
405 80
405 84
405 134
405 222
405 290
405 350
405 398
405 409
405 461
405 478
406 79
406 128
406 185
406 267
406 289
406 409
407 64
407 67
407 161
407 230
407 399
407 431
407 435
408 117
408 160
408 238
408 248
408 337
408 359
408 361
408 367
408 393
408 401
408 408
408 421
409 277
409 379
410 84
410 192
410 235
410 299
410 361
410 399
410 459
410 480
410 481
411 88
411 118
411 337
411 423
411 462
412 10
412 22
412 40
412 71
412 187
412 328
412 360
412 419
413 65
413 84
413 154
413 319
413 469
414 37
414 50
414 59
414 123
414 188
414 249
414 293
414 312
414 363
414 390
414 469
414 499
415 1
415 48
415 56
415 79
415 186
415 228
415 262
415 335
415 341
415 367
415 386
415 405
415 435
415 454
416 102
416 147
416 165
416 250
416 295
416 368
416 395
417 5
417 43
417 60
417 109
417 132
417 251
417 443
417 453
417 458
417 490
418 9
418 33
418 69
418 95
418 130
418 164
418 216
418 251
418 294
418 325
418 331
418 354
418 368
419 20
419 101
419 133
419 134
419 147
419 200
419 277
419 367
419 376
419 428
420 119
420 217
420 299
420 394
420 397
420 403
421 52
421 90
421 138
421 149
421 178
421 179
421 208
421 283
421 306
421 332
421 372
421 484
422 248
422 308
422 323
422 342
422 345
422 379
422 450
422 451
422 453
422 469
423 15
423 225
423 244
423 250
423 262
423 298
423 304
423 342
423 356
423 381
424 57
424 78
424 90
424 123
424 151
424 229
424 279
424 362
424 399
424 450
424 489
425 34
425 126
425 144
425 170
425 173
425 245
425 285
425 311
425 332
425 338
425 367
425 378
425 421
425 422
426 17
426 70
426 91
426 241
426 351
426 379
426 410
426 498
427 37
427 40
427 108
427 179
427 210
427 226
427 316
427 333
427 359
427 408
428 7
428 37
428 99
428 102
428 380
428 422
428 488
428 496
429 0
429 2
429 82
429 210
429 215
429 284
429 331
429 378
429 459
429 465
430 83
430 94
430 104
430 129
430 189
430 193
430 285
430 332
430 346
430 374
431 34
431 100
431 155
431 193
431 320
431 486
431 496
432 80
432 106
432 265
432 273
432 340
432 404
432 428
432 468
433 39
433 65
433 90
433 157
433 237
433 243
433 253
433 312
433 322
433 439
433 444
433 472
433 477
434 150
434 198
434 199
434 221
434 291
434 411
435 54
435 66
435 108
435 150
435 151
435 169
435 201
435 212
435 264
435 273
435 293
435 478
436 131
436 154
436 157
436 240
436 263
436 341
436 376
436 478
437 85
437 168
437 186
437 246
437 272
437 311
437 407
437 453
437 465
437 475
437 490
438 28
438 35
438 141
438 153
438 155
438 175
438 202
438 343
438 370
438 468
438 476
439 123
439 318
439 468
440 7
440 45
440 74
440 170
440 171
440 185
440 226
440 247
440 252
440 335
440 350
440 398
441 1
441 5
441 39
441 94
441 172
441 176
441 301
441 384
441 423
441 439
442 37
442 62
442 105
442 128
442 193
442 210
442 217
442 219
442 236
442 268
442 303
442 323
442 327
442 341
442 388
442 407
442 447
443 15
443 60
443 96
443 99
443 142
443 163
443 186
443 210
443 226
443 260
443 281
443 372
443 400
443 439
444 28
444 45
444 147
444 150
444 208
444 319
444 324
444 345
444 375
444 422
444 431
444 479
444 480
444 481
444 486
445 13
445 15
445 19
445 81
445 280
445 344
445 401
445 404
445 406
445 414
445 419
445 458
446 10
446 17
446 115
446 134
446 138
446 145
446 147
446 228
446 237
446 290
446 306
446 314
446 329
446 375
446 386
446 423
446 460
446 471
447 6
447 25
447 58
447 175
447 191
447 205
447 362
447 475
448 20
448 21
448 29
448 160
448 195
448 285
448 304
448 407
448 462
448 472
449 46
449 56
449 83
449 115
449 184
449 237
449 282
449 363
449 438
450 12
450 42
450 263
450 297
450 420
450 442
450 451
450 493
451 0
451 22
451 35
451 151
451 157
451 335
451 371
451 432
451 466
451 482
451 485
451 495
452 98
452 159
452 305
452 348
452 399
453 75
453 114
453 182
453 205
453 296
453 414
454 26
454 36
454 94
454 118
454 173
454 186
454 237
454 348
454 352
454 383
454 434
454 438
454 461
455 36
455 54
455 311
455 400
455 407
455 421
456 8
456 17
456 67
456 93
456 123
456 219
456 291
456 309
456 448
457 44
457 63
457 91
457 104
457 131
457 212
457 283
457 378
457 445
458 29
458 59
458 78
458 89
458 113
458 149
458 190
458 258
458 271
458 293
458 352
458 354
458 394
458 415
458 417
459 12
459 89
459 168
459 215
459 258
459 259
459 360
460 37
460 63
460 72
460 92
460 129
460 201
460 263
460 292
460 305
460 324
460 358
460 385
460 462
461 64
461 73
461 75
461 76
461 180
461 207
461 303
461 323
461 341
461 385
461 409
461 435
461 437
461 462
462 5
462 125
462 215
462 386
462 401
462 405
462 420
462 487
463 94
463 174
463 237
463 263
463 324
463 411
463 420
464 58
464 114
464 161
464 304
464 310
464 346
464 430
464 473
464 495
465 5
465 23
465 59
465 70
465 130
465 140
465 146
465 158
465 160
465 173
465 184
465 206
465 222
465 329
465 336
465 395
465 470
465 480
466 40
466 59
466 130
466 131
466 351
466 352
466 409
466 414
466 465
466 480
466 482
467 50
467 109
467 114
467 201
467 371
468 146
468 168
468 202
468 222
468 281
468 370
468 408
468 441
468 476
468 483
469 30
469 36
469 217
469 219
469 322
469 343
469 357
469 361
469 393
469 405
469 406
469 419
469 433
469 459
469 475
470 2
470 32
470 54
470 76
470 183
470 195
470 200
470 245
470 253
470 317
470 321
470 428
470 436
470 439
470 473
470 493
471 33
471 49
471 70
471 226
471 348
471 386
471 407
471 437
471 471
472 105
472 113
472 162
472 171
472 175
472 198
472 227
472 308
472 331
472 352
472 402
472 461
472 477
472 489
473 87
473 122
473 127
473 190
473 231
473 257
473 298
473 346
473 374
473 399
473 406
473 419
473 436
473 443
473 445
473 488
474 142
474 265
474 268
474 281
474 341
474 345
474 432
474 470
475 4
475 35
475 85
475 148
475 158
475 166
475 230
475 350
475 410
475 414
475 437
475 475
476 72
476 141
476 232
476 311
476 315
476 340
476 399
476 411
476 483
476 494
477 32
477 92
477 95
477 103
477 119
477 124
477 146
477 167
477 213
477 219
477 255
477 259
477 273
477 307
477 421
478 79
478 165
478 268
478 328
478 333
478 350
479 26
479 82
479 110
479 121
479 138
479 258
479 297
479 309
479 414
479 463
479 488
480 8
480 126
480 222
480 297
480 310
480 347
480 400
481 19
481 50
481 98
481 446
481 454
481 458
481 489
482 54
482 83
482 101
482 251
482 260
482 338
482 362
482 373
482 448
483 16
483 20
483 21
483 190
483 350
483 464
483 494
484 426
484 460
485 77
485 133
485 181
485 195
485 202
485 212
485 261
485 334
485 350
485 356
485 426
486 14
486 16
486 91
486 101
486 113
486 131
486 185
486 306
486 308
486 329
486 387
486 402
486 430
486 456
487 15
487 39
487 86
487 102
487 133
487 158
487 187
487 201
487 220
487 254
487 303
487 330
487 336
487 345
488 13
488 111
488 118
488 122
488 210
488 237
488 270
488 309
488 398
488 408
488 439
488 472
488 485
489 6
489 41
489 44
489 94
489 133
489 174
489 178
489 296
489 297
489 322
489 347
489 403
489 440
489 443
490 3
490 13
490 84
490 105
490 178
490 263
490 322
490 417
490 478
490 483
491 24
491 59
491 193
491 284
491 332
491 387
491 480
491 485
492 34
492 40
492 73
492 115
492 136
492 220
492 313
492 320
492 381
492 428
492 499
493 252
493 310
493 331
493 356
493 364
493 455
493 472
493 475
494 69
494 106
494 148
494 173
494 204
494 296
494 355
494 461
495 19
495 68
495 190
495 247
495 339
495 344
495 439
496 30
496 233
496 256
496 349
496 366
496 460
497 42
497 225
497 249
497 264
497 298
497 384
497 406
497 458
497 481
498 93
498 94
498 156
498 160
498 162
498 164
498 184
498 185
498 243
498 274
498 284
498 310
498 317
498 353
498 358
498 373
498 460
499 57
499 120
499 183
499 305
499 372
499 398
499 417
499 424
499 431
