100 100 500
0 28
0 7
0 15
0 36
0 78
1 55
1 4
1 25
1 73
1 88
2 10
2 33
2 73
2 57
2 72
3 70
3 33
3 80
3 74
3 50
4 12
4 76
4 58
4 75
4 64
5 32
5 92
5 59
5 8
5 22
6 23
6 8
6 10
6 12
6 76
7 54
7 10
7 5
7 78
7 68
8 3
8 72
8 24
8 33
8 52
9 97
9 61
9 5
9 65
9 51
10 14
10 78
10 22
10 37
10 16
11 9
11 0
11 22
11 72
11 53
12 45
12 62
12 49
12 55
12 75
13 88
13 99
13 56
13 21
13 0
14 94
14 81
14 46
14 25
14 42
15 17
15 80
15 60
15 94
15 61
16 49
16 76
16 21
16 42
16 51
17 23
17 46
17 94
17 54
17 26
18 76
18 84
18 40
18 10
18 73
19 62
19 40
19 5
19 0
19 89
20 9
20 3
20 91
20 46
20 82
21 66
21 6
21 51
21 73
21 4
22 27
22 14
22 26
22 19
22 92
23 88
23 6
23 96
23 90
23 41
24 34
24 82
24 33
24 9
24 99
25 64
25 96
25 65
25 6
25 23
26 1
26 73
26 27
26 77
26 17
27 90
27 84
27 31
27 4
27 55
28 93
28 39
28 52
28 15
28 17
29 65
29 49
29 31
29 72
29 50
30 62
30 46
30 47
30 58
30 91
31 22
31 75
31 73
31 33
31 28
32 30
32 43
32 96
32 89
32 67
33 21
33 58
33 28
33 38
33 39
34 89
34 15
34 71
34 98
34 12
35 17
35 97
35 4
35 67
35 74
36 60
36 33
36 11
36 71
36 89
37 22
37 1
37 23
37 29
37 64
38 25
38 22
38 45
38 40
38 71
39 46
39 91
39 34
39 93
39 28
40 44
40 30
40 98
40 40
40 18
41 33
41 78
41 74
41 36
41 61
42 10
42 62
42 26
42 21
42 41
43 98
43 37
43 72
43 25
43 51
44 92
44 75
44 12
44 37
44 23
45 39
45 95
45 20
45 76
45 42
46 24
46 93
46 31
46 90
46 48
47 18
47 97
47 90
47 37
47 49
48 40
48 51
48 34
48 77
48 59
49 46
49 21
49 24
49 2
49 42
50 20
50 71
50 68
50 81
50 92
51 85
51 46
51 26
51 77
51 56
52 86
52 80
52 32
52 79
52 9
53 14
53 98
53 99
53 2
53 50
54 52
54 8
54 44
54 41
54 94
55 60
55 71
55 19
55 12
55 36
56 6
56 10
56 26
56 62
56 36
57 36
57 62
57 56
57 53
57 99
58 87
58 18
58 40
58 51
58 32
59 59
59 95
59 41
59 47
59 48
60 57
60 21
60 76
60 11
60 61
61 50
61 16
61 72
61 85
61 82
62 68
62 71
62 57
62 27
62 90
63 38
63 43
63 42
63 31
63 11
64 14
64 35
64 65
64 16
64 17
65 2
65 26
65 15
65 13
65 53
66 61
66 74
66 59
66 42
66 82
67 82
67 18
67 1
67 62
67 92
68 44
68 70
68 6
68 69
68 53
69 27
69 9
69 65
69 72
69 12
70 65
70 4
70 95
70 71
70 25
71 23
71 85
71 37
71 51
71 47
72 58
72 90
72 13
72 5
72 86
73 53
73 13
73 39
73 2
73 16
74 31
74 22
74 17
74 24
74 30
75 85
75 38
75 2
75 27
75 94
76 96
76 91
76 43
76 78
76 14
77 89
77 23
77 40
77 2
77 61
78 26
78 34
78 11
78 64
78 71
79 79
79 45
79 26
79 81
79 12
80 62
80 81
80 51
80 30
80 35
81 50
81 46
81 70
81 65
81 69
82 30
82 92
82 60
82 8
82 86
83 71
83 51
83 34
83 80
83 94
84 72
84 86
84 54
84 27
84 28
85 71
85 81
85 79
85 20
85 19
86 42
86 3
86 78
86 0
86 5
87 20
87 3
87 99
87 68
87 13
88 46
88 20
88 24
88 55
88 1
89 6
89 91
89 9
89 51
89 63
90 28
90 68
90 35
90 21
90 99
91 24
91 90
91 20
91 16
91 23
92 72
92 35
92 5
92 37
92 79
93 29
93 5
93 82
93 84
93 32
94 37
94 80
94 58
94 79
94 89
95 4
95 56
95 42
95 26
95 62
96 73
96 99
96 46
96 23
96 34
97 78
97 16
97 74
97 57
97 72
98 14
98 21
98 8
98 93
98 73
99 18
99 70
99 39
99 76
99 81
