1000 1000 9962
0 19
0 124
0 269
0 290
0 297
0 368
0 394
0 427
0 481
0 684
0 882
1 26
1 133
1 168
1 174
1 391
1 807
1 836
1 961
2 112
2 120
2 153
2 221
2 426
2 516
2 543
2 563
2 568
2 587
2 735
2 748
2 755
2 924
2 990
3 207
3 211
3 313
3 406
3 517
3 712
3 739
3 801
3 844
4 33
4 71
4 101
4 152
4 350
4 355
4 359
4 363
4 451
4 497
4 730
4 937
5 9
5 27
5 102
5 228
5 245
5 500
5 602
5 624
5 715
5 879
5 967
6 634
6 735
6 779
6 914
6 938
7 174
7 179
7 215
7 238
7 302
7 391
7 418
7 557
7 590
7 655
7 749
7 857
7 982
8 17
8 22
8 140
8 219
8 308
8 370
8 398
8 495
8 703
8 838
8 877
8 983
9 77
9 145
9 165
9 237
9 711
9 777
9 805
9 809
10 389
10 431
10 446
10 618
10 672
10 770
10 837
10 914
10 962
11 278
11 444
11 631
11 699
11 897
12 183
12 231
12 351
12 566
12 693
12 712
12 729
13 6
13 69
13 74
13 214
13 307
13 369
13 499
13 530
13 670
13 693
13 810
13 895
13 903
13 997
14 16
14 112
14 170
14 274
14 397
14 403
14 473
14 638
14 683
14 828
15 15
15 62
15 234
15 332
15 526
15 551
15 570
15 574
15 750
15 807
15 954
15 998
16 732
16 805
16 976
17 18
17 27
17 81
17 115
17 160
17 342
17 597
17 737
17 809
17 913
18 192
18 299
18 309
18 370
18 371
18 378
18 456
18 501
18 569
18 676
18 771
19 8
19 36
19 61
19 134
19 202
19 241
19 355
19 364
19 376
19 554
19 641
19 676
19 726
19 739
19 768
19 815
19 993
20 89
20 137
20 166
20 197
20 408
20 515
20 706
20 726
20 746
20 817
20 842
21 25
21 66
21 101
21 214
21 264
21 271
21 359
21 410
21 421
21 476
21 493
21 517
21 665
21 695
21 823
22 177
22 262
22 284
22 323
22 404
22 521
22 675
22 777
22 788
22 841
22 957
22 964
23 26
23 38
23 50
23 218
23 257
23 297
23 351
23 463
23 638
23 680
23 720
23 791
23 946
23 974
23 992
24 2
24 203
24 215
24 580
24 654
24 722
24 782
24 905
25 83
25 140
25 553
26 36
26 100
26 288
26 362
26 438
26 523
26 746
26 810
27 22
27 64
27 68
27 101
27 282
27 465
27 535
27 575
27 624
27 687
27 746
27 799
27 800
27 876
27 961
28 127
28 169
28 197
28 269
28 331
28 341
28 361
28 549
28 800
28 947
29 80
29 159
29 250
29 565
29 733
29 771
29 775
29 816
30 57
30 75
30 282
30 289
30 478
30 489
30 551
30 589
30 697
30 764
30 787
31 0
31 53
31 75
31 182
31 245
31 329
31 338
31 405
31 482
31 728
31 777
31 857
32 41
32 43
32 304
32 559
32 679
32 773
32 809
32 960
32 963
33 63
33 234
33 310
33 401
33 507
33 577
33 687
33 699
33 720
33 721
33 809
33 860
33 950
34 15
34 92
34 239
34 679
34 736
34 902
34 927
34 946
35 77
35 176
35 281
35 292
35 384
35 395
35 559
35 575
35 769
35 835
35 926
35 967
36 40
36 66
36 442
36 489
36 679
36 710
36 729
36 777
36 779
37 19
37 279
37 305
37 313
37 372
37 507
37 719
37 729
37 821
37 950
38 173
38 284
38 514
38 773
38 926
38 958
39 84
39 130
39 265
39 281
39 370
39 530
39 545
39 878
39 888
39 939
39 982
40 31
40 200
40 271
40 310
40 380
40 480
40 543
40 571
40 700
40 741
40 995
41 59
41 94
41 97
41 206
41 282
41 297
41 314
41 324
41 352
41 554
41 569
41 641
41 936
41 970
42 61
42 71
42 147
42 400
42 408
42 449
42 609
42 622
42 760
42 875
42 929
42 966
42 971
43 81
43 221
43 319
43 496
43 537
43 559
43 657
43 675
43 882
44 268
44 357
44 405
44 473
44 485
44 534
44 906
45 232
45 242
45 257
45 427
45 471
45 606
45 807
45 942
45 954
46 25
46 89
46 165
46 277
46 409
46 675
46 755
46 829
46 839
46 845
46 848
46 870
46 924
46 941
47 64
47 78
47 201
47 227
47 345
47 443
47 468
47 474
47 872
47 876
47 887
47 931
47 949
47 964
48 180
48 188
48 313
48 388
48 618
48 661
48 663
48 958
49 133
49 223
49 235
49 276
49 288
49 393
49 426
49 614
49 767
49 789
50 202
50 278
50 421
50 440
50 442
50 523
50 524
50 756
50 784
50 911
51 56
51 163
51 313
51 321
51 361
51 549
51 611
51 713
51 740
51 757
51 819
51 899
51 946
52 114
52 271
52 297
52 507
52 608
52 611
52 708
52 926
53 23
53 146
53 276
53 289
53 413
53 444
53 503
53 529
53 785
53 795
53 895
53 901
53 983
54 331
54 419
54 653
54 683
54 954
55 159
55 171
55 190
55 405
55 560
55 610
55 670
55 735
56 46
56 254
56 257
56 288
56 321
56 347
56 381
56 455
56 481
56 552
56 594
56 902
57 45
57 70
57 355
57 624
57 639
57 693
57 775
57 830
57 878
58 14
58 39
58 153
58 474
58 676
58 710
58 749
58 811
58 842
58 908
59 578
60 98
60 239
60 477
60 496
60 516
60 544
60 851
60 867
60 889
60 990
61 54
61 117
61 369
61 452
61 563
61 626
61 633
61 640
61 828
61 843
62 148
62 174
62 261
62 507
62 784
62 785
63 20
63 78
63 101
63 270
63 569
63 674
63 681
63 746
63 753
63 916
64 66
64 212
64 283
64 366
64 474
64 542
64 587
64 701
64 741
64 891
65 53
65 145
65 235
65 307
65 565
65 615
65 641
65 900
66 7
66 19
66 109
66 622
66 627
66 715
66 789
66 820
66 942
66 999
67 133
67 151
67 194
67 198
67 222
67 362
67 365
67 608
67 661
67 667
67 718
67 803
67 830
67 838
68 38
68 214
68 394
68 411
68 597
68 930
69 1
69 14
69 33
69 190
69 285
69 312
69 373
69 437
69 569
69 592
69 636
69 743
69 898
70 87
70 137
70 211
70 249
70 282
70 301
70 525
70 538
70 672
71 37
71 40
71 93
71 97
71 401
71 495
71 523
71 549
71 574
72 81
72 208
72 239
72 298
72 368
72 379
72 390
72 402
72 631
72 726
72 734
72 993
73 28
73 418
73 478
73 626
73 885
74 89
74 107
74 243
74 380
74 431
74 510
74 621
74 674
74 712
74 825
74 867
74 879
74 990
75 19
75 41
75 65
75 181
75 445
75 515
75 629
75 672
75 756
76 70
76 75
76 181
76 397
76 552
76 578
76 849
76 956
77 65
77 77
77 190
77 295
77 326
77 399
77 425
77 658
77 706
77 754
77 767
77 776
77 834
77 998
78 104
78 190
78 349
78 382
78 399
78 441
78 475
78 552
78 903
79 51
79 98
79 349
79 442
79 482
79 526
79 624
79 647
79 668
79 687
79 718
79 797
79 880
79 919
79 964
80 17
80 33
80 74
80 110
80 172
80 428
80 556
80 642
80 732
80 856
80 897
81 6
81 72
81 237
81 303
81 304
81 391
81 514
81 684
81 772
81 894
81 976
82 58
82 182
82 218
82 240
82 594
82 921
83 306
83 601
83 608
83 709
83 940
83 941
84 54
84 112
84 233
84 356
84 510
84 626
84 649
84 829
84 955
85 190
85 209
85 285
85 306
85 337
85 412
85 476
85 503
85 819
85 842
86 81
86 240
86 501
86 550
86 604
86 650
86 779
86 929
86 966
87 27
87 29
87 160
87 210
87 214
87 563
87 750
87 831
87 834
88 39
88 166
88 561
88 679
88 754
88 757
88 944
89 120
89 126
89 137
89 188
89 207
89 268
89 388
89 415
89 507
89 558
89 713
89 740
89 743
89 761
89 777
89 807
89 894
90 33
90 66
90 99
90 184
90 201
90 212
90 265
90 303
90 448
90 653
90 709
90 832
90 849
90 999
91 17
91 192
91 223
91 280
91 505
91 581
91 611
92 84
92 332
92 443
92 472
92 546
92 666
92 828
92 886
93 121
93 169
93 270
93 546
93 659
93 757
93 872
93 902
93 926
94 2
94 169
94 224
94 253
94 285
94 291
94 427
94 722
94 775
94 868
95 2
95 244
95 355
95 356
95 375
95 467
95 519
95 564
95 716
95 721
95 734
95 852
95 954
95 955
95 968
96 26
96 45
96 116
96 194
96 249
96 382
96 455
96 839
96 923
96 982
97 45
97 123
97 550
97 663
97 676
97 716
97 750
97 790
97 862
97 880
97 894
97 967
98 86
98 165
98 299
98 483
98 549
98 724
98 807
98 892
98 922
98 978
99 152
99 205
99 262
99 328
99 332
99 492
99 634
99 852
99 943
100 113
100 381
100 419
100 644
100 749
100 775
100 896
101 85
101 160
101 161
101 289
101 295
101 382
101 401
101 449
101 517
101 848
101 868
101 959
102 4
102 39
102 59
102 87
102 137
102 155
102 201
102 261
102 561
102 587
102 619
102 627
102 884
103 13
103 22
103 49
103 174
103 613
103 689
103 753
104 289
104 309
104 394
104 505
104 574
104 801
104 870
104 897
105 91
105 252
105 348
105 350
105 449
105 527
105 603
105 902
105 967
106 8
106 149
106 264
106 347
106 353
106 366
106 384
106 869
107 26
107 170
107 197
107 205
107 442
107 588
107 966
107 989
108 133
108 216
108 767
108 944
108 979
109 55
109 287
109 406
109 441
109 616
109 766
109 767
109 927
110 124
110 344
110 442
110 537
110 664
110 670
110 941
110 950
111 42
111 521
111 636
111 717
111 759
111 932
112 133
112 248
112 365
112 445
112 452
112 539
112 610
112 792
112 882
113 13
113 181
113 182
113 237
113 311
113 359
113 479
113 584
113 600
113 620
113 737
113 743
113 751
113 891
114 13
114 74
114 78
114 194
114 282
114 422
114 491
114 522
114 601
114 641
114 766
114 778
114 850
115 62
115 92
115 160
115 216
115 318
115 603
115 689
115 702
115 852
115 876
115 890
115 935
115 939
116 99
116 110
116 236
116 295
116 409
116 676
116 788
117 19
117 202
117 203
117 449
117 554
117 642
117 695
117 873
117 890
117 965
118 2
118 31
118 88
118 155
118 177
118 497
118 506
118 582
118 650
118 734
119 236
119 243
119 331
119 348
119 532
119 856
119 979
120 35
120 231
120 487
120 628
120 669
120 680
120 753
120 770
120 776
120 813
120 875
121 200
121 273
121 438
121 516
121 547
121 629
121 681
121 697
121 745
121 826
121 865
121 932
122 72
122 337
122 401
122 453
122 473
122 591
122 850
123 596
123 688
123 706
123 781
123 818
123 904
123 961
123 983
124 41
124 195
124 220
124 289
124 327
124 760
124 775
125 82
125 177
125 207
125 326
125 393
125 486
125 704
125 720
125 808
125 919
125 930
126 83
126 96
126 399
126 617
126 682
126 700
126 946
126 957
127 25
127 77
127 182
127 243
127 284
127 310
127 321
127 417
127 553
127 641
127 660
127 770
127 813
128 230
128 421
129 19
129 221
129 280
129 301
129 378
129 409
129 428
129 603
129 798
129 989
130 92
130 401
130 580
130 701
130 894
130 949
131 140
131 235
131 312
131 314
131 350
131 401
131 437
131 474
131 602
131 953
131 973
132 60
132 214
132 264
132 268
132 497
132 523
132 554
132 560
132 728
132 755
132 874
132 927
132 984
133 20
133 140
133 158
133 284
133 371
133 451
133 657
133 844
134 17
134 104
134 442
134 621
134 685
134 697
134 707
134 730
134 836
134 889
135 62
135 163
135 199
135 301
135 354
135 448
135 460
135 519
135 666
135 673
135 676
135 695
135 836
135 978
136 27
136 45
136 478
136 543
136 589
136 638
136 919
137 60
137 218
137 473
137 551
137 600
137 605
137 755
137 819
137 897
137 925
138 24
138 105
138 106
138 223
138 271
138 314
138 324
138 465
138 480
138 549
138 591
138 602
138 770
139 66
139 154
139 185
139 358
139 363
139 558
139 578
139 581
139 621
139 793
139 831
139 838
139 895
139 956
140 38
140 97
140 157
140 202
140 439
140 672
140 757
140 864
140 882
141 174
141 343
141 404
141 583
141 604
141 755
141 954
142 246
142 272
142 447
142 614
142 727
142 769
142 834
142 910
143 22
143 178
143 182
143 211
143 278
143 380
143 540
143 545
143 646
143 898
144 15
144 207
144 217
144 253
144 346
144 356
144 469
144 470
144 480
144 686
144 935
145 130
145 191
145 218
145 320
145 434
145 577
145 593
145 685
145 883
146 98
146 204
146 321
146 543
146 574
146 731
146 912
146 927
146 991
147 86
147 304
147 609
147 622
147 674
147 869
147 903
148 127
148 203
148 209
148 300
148 321
148 366
148 380
148 484
148 502
148 648
148 824
148 830
148 968
149 13
149 368
149 402
149 415
149 424
149 592
149 725
149 758
149 760
149 855
149 958
150 3
150 42
150 432
150 682
150 753
150 898
150 972
150 989
151 0
151 89
151 353
151 461
151 480
151 528
151 726
151 824
151 845
151 907
151 910
152 11
152 26
152 40
152 63
152 180
152 197
152 253
152 430
152 451
152 579
152 654
152 694
152 753
152 815
152 841
152 932
152 956
153 32
153 87
153 96
153 123
153 131
153 264
153 294
153 730
153 827
153 884
153 922
154 45
154 77
154 123
154 363
154 379
154 407
154 813
154 934
155 20
155 102
155 118
155 170
155 203
155 511
155 677
156 51
156 98
156 100
156 280
156 336
156 612
156 790
156 929
157 97
157 104
157 262
157 295
157 312
157 328
157 346
157 355
157 439
157 583
157 637
157 868
157 924
158 51
158 104
158 141
158 418
158 483
158 789
158 941
159 89
159 352
159 408
159 423
159 520
159 607
159 626
159 751
159 770
159 856
160 148
160 410
160 506
160 637
160 642
160 720
160 767
160 841
160 881
160 884
160 969
161 342
161 460
161 465
161 761
161 861
161 939
162 61
162 150
162 235
162 271
162 278
162 310
162 322
162 704
162 896
162 898
163 0
163 58
163 62
163 224
163 439
163 454
163 513
163 580
163 877
163 926
163 975
163 976
163 993
163 994
164 59
164 271
164 337
164 362
164 480
164 481
164 626
164 747
164 856
164 983
165 54
165 70
165 72
165 133
165 134
165 150
165 230
165 287
165 582
165 642
165 891
166 116
166 170
166 224
166 374
166 397
166 555
166 594
166 601
166 720
167 25
167 47
167 205
167 366
167 371
167 453
167 695
167 848
167 944
168 210
168 256
168 381
168 631
168 700
168 704
168 901
168 949
168 998
169 59
169 170
169 171
169 303
169 496
169 548
169 573
169 581
169 753
169 794
169 862
169 890
169 895
169 987
170 200
170 202
170 265
170 290
170 344
170 648
170 677
171 331
171 637
171 649
171 913
172 47
172 79
172 98
172 293
172 339
172 349
172 361
172 522
172 706
172 716
172 775
172 812
172 909
172 914
172 972
173 53
173 135
173 212
173 219
173 323
173 389
173 501
173 586
173 749
173 810
173 837
173 842
173 859
174 155
174 237
174 240
174 568
174 577
174 588
174 706
174 839
174 876
174 962
174 985
175 17
175 58
175 107
175 154
175 237
175 244
175 376
175 435
175 449
175 698
175 773
175 779
175 843
175 981
176 7
176 38
176 42
176 75
176 168
176 379
176 400
176 956
177 188
177 265
177 384
177 945
178 24
178 222
178 285
178 346
178 402
178 425
178 449
178 492
178 698
179 84
179 289
179 349
179 367
179 390
179 449
179 469
179 486
179 566
179 604
179 716
179 908
179 977
180 187
180 238
180 283
180 307
180 372
180 594
180 603
180 615
180 839
180 871
181 10
181 247
181 248
181 382
181 383
181 481
181 498
181 555
181 672
181 812
182 39
182 52
182 204
182 245
182 301
182 464
182 636
182 652
182 778
182 783
182 979
183 149
183 342
183 358
183 481
183 566
183 806
184 14
184 273
184 409
184 458
184 685
184 732
184 867
184 884
184 968
185 48
185 52
185 163
185 252
185 421
185 472
185 680
185 719
185 814
185 824
185 975
186 108
186 227
186 316
186 329
186 385
186 428
186 643
186 854
187 325
187 339
187 417
187 422
187 436
187 627
187 682
187 770
187 972
187 981
188 93
188 258
188 312
188 417
188 534
188 605
188 658
188 731
188 942
188 995
189 133
189 378
189 481
189 501
189 608
189 649
189 650
189 690
189 901
190 182
190 207
190 304
190 809
190 860
191 5
191 93
191 146
191 218
191 259
191 396
191 477
191 564
191 596
191 633
191 688
192 237
192 272
192 280
192 332
192 421
192 445
192 509
192 525
192 594
192 632
192 724
192 732
192 973
192 992
193 55
193 258
193 288
193 410
193 493
193 571
193 740
193 892
194 25
194 214
194 265
194 498
194 787
194 933
195 3
195 24
195 107
195 362
195 382
195 429
195 556
195 570
195 774
195 894
196 174
196 451
196 515
196 608
196 643
196 776
196 795
196 876
196 887
197 145
197 247
197 365
197 598
197 825
197 883
197 895
197 924
197 931
197 941
197 976
197 985
198 22
198 129
198 169
198 185
198 210
198 554
198 695
198 699
198 780
198 824
198 879
198 891
198 921
199 68
199 89
199 500
200 23
200 239
200 308
200 315
200 413
200 414
200 442
200 501
200 807
200 866
200 871
200 917
200 928
200 950
201 36
201 66
201 92
201 131
201 178
201 184
201 292
201 346
201 377
201 552
201 654
201 670
201 713
201 720
201 764
201 860
201 869
201 884
201 963
201 967
202 97
202 101
202 242
202 348
202 386
202 451
202 492
202 540
202 584
202 790
202 850
202 909
202 961
202 978
203 128
203 185
203 267
203 409
203 567
203 730
203 899
204 160
204 248
204 359
204 361
204 393
204 401
204 408
204 421
204 777
205 235
205 299
205 399
205 480
205 837
205 923
205 962
206 71
206 187
206 419
206 584
206 654
206 819
206 969
207 59
207 123
207 188
207 249
207 293
207 363
207 469
207 556
207 579
207 686
207 835
207 841
207 886
208 250
208 295
208 395
208 505
208 560
208 632
208 943
208 953
209 33
209 69
209 95
209 164
209 251
209 294
209 325
209 354
209 601
209 634
209 647
209 700
209 777
209 867
209 928
210 299
210 394
210 403
210 679
210 783
210 872
211 248
211 323
211 342
211 345
211 450
211 725
211 744
211 798
211 856
212 57
212 78
212 90
212 279
212 362
212 450
212 670
212 673
212 745
212 785
212 811
212 832
212 867
213 70
213 91
213 351
213 410
213 498
213 540
213 608
213 679
213 710
213 726
213 816
213 859
213 908
214 37
214 380
214 496
214 502
214 582
214 710
214 715
214 784
214 959
215 83
215 189
215 193
215 285
215 332
215 374
215 534
215 655
215 986
216 80
216 106
216 265
216 273
216 404
216 539
216 590
216 753
216 822
216 944
217 199
217 221
217 291
217 566
217 608
217 651
217 669
217 712
217 764
217 773
217 978
218 131
218 157
218 240
218 263
218 376
218 668
218 686
218 746
218 953
218 965
218 990
219 28
219 35
219 141
219 153
219 175
219 202
219 370
219 476
219 623
220 45
220 74
220 185
220 226
220 247
220 252
220 350
220 398
220 505
220 539
220 594
220 672
220 801
220 884
220 939
221 193
221 210
221 219
221 303
221 341
221 407
221 447
221 515
221 596
221 599
221 686
221 710
221 726
221 781
221 872
221 900
221 939
222 150
222 319
222 345
222 513
222 515
222 519
222 581
222 780
222 919
223 17
223 138
223 145
223 147
223 228
223 290
223 306
223 329
223 375
223 423
223 471
223 506
223 862
223 975
224 20
224 160
224 195
224 304
224 472
224 546
224 556
224 684
224 938
225 12
225 42
225 420
225 442
225 451
225 493
225 500
225 522
225 535
225 651
225 871
225 932
225 966
225 982
225 985
226 305
226 399
226 614
226 682
226 796
227 26
227 94
227 118
227 186
227 237
227 348
227 352
227 383
227 434
227 438
227 536
227 811
228 8
228 67
228 93
228 448
228 544
228 563
228 591
228 604
228 631
229 29
229 59
229 113
229 149
229 394
229 589
229 715
229 758
230 63
230 72
230 129
230 201
230 263
230 358
230 462
230 573
230 575
230 680
230 707
230 803
230 935
230 937
231 125
231 215
231 674
231 763
232 161
232 346
232 430
232 473
232 495
232 505
232 523
232 570
232 646
232 660
232 684
232 722
232 895
232 970
233 40
233 59
233 131
233 352
233 409
233 414
233 482
233 614
233 871
234 168
234 202
234 281
234 483
234 530
234 717
234 719
234 919
234 959
234 975
235 32
235 54
235 76
235 195
235 245
235 321
235 473
235 493
235 533
235 549
235 570
236 171
236 227
236 461
236 489
236 587
236 622
236 627
236 798
236 906
236 919
236 936
237 265
237 268
237 281
237 341
237 432
237 504
237 585
237 648
237 666
237 730
237 914
237 937
237 975
238 72
238 232
238 311
238 315
238 340
238 411
238 494
238 532
238 592
238 595
238 624
238 646
238 667
238 713
238 719
238 755
238 759
238 921
239 165
239 268
239 328
239 350
239 526
239 582
239 809
239 914
239 963
240 8
240 126
240 222
240 347
240 400
240 519
240 598
240 989
241 54
241 83
241 251
241 338
241 521
241 690
241 850
241 964
242 426
242 460
242 577
242 633
242 681
242 695
242 761
242 850
243 16
243 101
243 113
243 308
243 402
243 456
243 515
243 586
243 602
243 687
243 701
243 720
243 830
243 836
243 845
244 13
244 118
244 122
244 210
244 237
244 270
244 309
244 439
244 472
244 506
244 541
244 544
244 594
244 674
244 796
244 847
244 903
244 940
244 943
245 13
245 263
245 322
245 478
245 524
245 559
245 693
245 980
246 40
246 73
246 136
246 220
246 313
246 428
246 499
246 752
246 856
246 975
247 148
247 173
247 296
247 355
247 461
247 690
247 747
247 844
248 349
248 366
248 749
248 764
248 798
248 958
248 981
249 93
249 94
249 156
249 160
249 162
249 164
249 184
249 185
249 243
249 274
249 284
249 317
249 353
249 358
249 460
249 557
249 620
249 931
250 29
250 92
250 97
250 131
250 240
250 544
250 643
250 857
251 3
251 145
251 305
251 413
251 890
252 38
252 52
252 136
252 329
253 77
253 89
253 230
253 398
253 469
253 559
253 633
253 635
253 908
253 930
254 66
254 98
254 246
254 254
254 294
254 396
254 438
254 570
254 794
254 932
254 948
255 114
255 246
255 277
255 305
255 355
255 484
255 515
255 597
255 753
255 780
255 809
255 999
256 18
256 117
256 119
256 184
256 262
256 302
256 317
256 623
256 730
256 773
256 939
257 118
257 192
257 198
257 267
257 278
257 307
257 471
257 502
257 536
257 539
257 601
257 709
257 716
257 766
257 881
257 935
258 43
258 125
258 134
258 183
258 227
258 442
258 455
258 623
258 628
258 630
258 665
258 690
258 742
258 748
258 774
258 787
259 242
259 368
259 386
259 448
259 469
259 742
259 923
259 926
259 990
260 66
260 336
260 464
260 583
260 732
260 753
260 884
260 925
261 123
261 358
261 473
261 642
261 666
261 742
261 758
261 770
261 833
262 10
262 75
262 113
262 142
262 206
262 386
262 432
262 437
262 487
262 968
263 56
263 376
263 385
263 392
263 418
263 454
263 502
263 563
263 615
263 685
263 837
263 874
264 53
264 93
264 101
264 134
264 192
264 489
264 577
264 708
264 790
264 878
265 296
265 317
265 332
265 416
265 538
265 601
265 864
265 890
265 946
265 966
265 988
266 193
266 226
266 372
266 525
266 634
266 721
266 948
266 992
267 47
267 48
267 55
267 219
267 256
267 291
267 318
267 330
267 357
267 448
267 616
267 626
268 2
268 94
268 97
268 333
268 412
268 652
268 700
268 781
268 875
268 961
269 93
269 117
269 164
269 247
269 292
269 305
269 370
269 469
269 511
269 518
269 814
269 822
270 265
270 279
270 341
270 345
270 456
270 494
270 516
270 550
270 677
270 707
270 802
270 853
270 903
270 952
270 959
271 317
271 502
271 560
271 596
271 916
272 9
272 34
272 46
272 130
272 481
272 493
272 512
272 514
272 666
272 742
272 875
272 915
272 934
272 954
273 160
273 177
273 236
273 424
273 500
273 513
273 564
273 651
273 696
273 720
274 171
274 268
274 307
274 482
274 522
274 537
274 826
274 849
274 992
275 132
275 148
275 192
275 267
275 332
275 609
275 630
275 687
275 799
275 843
275 892
276 116
276 221
276 414
276 416
276 440
276 469
276 520
276 565
276 573
276 695
276 740
276 915
277 231
277 291
277 390
277 414
277 469
277 604
277 643
277 697
277 870
278 3
278 15
278 73
278 274
278 335
278 364
278 505
278 555
278 698
278 723
278 873
278 949
278 951
279 12
279 28
279 184
279 231
279 458
279 470
279 506
279 642
279 781
279 883
280 17
280 50
280 218
280 275
280 322
280 339
280 473
280 553
280 603
280 608
280 616
280 659
280 771
280 789
281 0
281 82
281 167
281 186
281 255
281 282
281 468
281 762
281 914
281 973
282 4
282 95
282 164
282 175
282 463
282 518
282 538
282 662
282 726
282 869
283 82
283 162
283 227
283 293
283 384
283 443
283 476
283 515
283 581
283 610
283 667
283 751
283 800
283 902
284 83
284 89
284 127
284 129
284 148
284 175
284 271
284 286
284 327
284 338
284 356
284 410
284 520
284 641
285 53
285 159
285 168
285 213
285 342
285 376
285 494
285 760
285 889
286 44
286 53
286 113
286 386
286 414
286 487
286 749
286 828
286 840
286 854
286 878
287 10
287 98
287 133
287 149
287 254
287 328
287 422
287 683
287 686
287 738
288 187
288 268
288 368
288 839
288 903
289 16
289 124
289 140
289 347
289 357
289 552
289 680
289 857
289 872
290 86
290 96
290 124
290 181
290 340
290 586
290 755
290 925
290 985
290 998
291 102
291 270
291 305
291 443
291 487
291 575
291 595
291 843
292 33
292 94
292 239
292 285
292 288
292 546
292 641
292 667
292 705
292 876
292 968
293 67
293 185
293 277
293 321
293 583
293 743
293 814
293 935
294 68
294 180
294 290
294 540
294 565
294 637
294 805
294 816
294 826
294 990
295 143
295 328
295 368
295 392
295 486
295 648
295 690
295 700
295 917
295 944
295 997
296 297
296 326
296 543
296 637
296 686
296 775
297 47
297 279
297 291
297 293
297 411
297 675
297 849
297 912
297 954
298 33
298 144
298 152
298 291
298 398
298 469
298 470
298 627
298 816
298 892
298 951
298 988
299 87
299 187
299 480
299 643
299 679
299 751
299 757
299 886
300 131
300 306
300 400
300 414
300 456
300 487
300 500
300 568
300 632
300 681
300 697
300 856
300 973
300 993
301 73
301 78
301 96
301 184
301 233
301 245
301 412
301 415
301 542
301 558
301 599
301 911
301 925
302 92
302 347
302 427
302 498
302 740
302 760
302 799
302 805
302 820
302 983
303 149
303 205
303 393
303 416
303 462
303 545
303 554
303 556
303 619
303 703
303 756
303 864
303 872
304 219
304 271
304 432
304 521
304 596
304 639
304 643
304 707
304 753
304 782
304 803
305 203
305 270
305 378
305 380
305 426
305 431
305 467
305 520
305 535
305 579
305 740
305 779
305 879
305 892
306 92
306 107
306 226
306 238
306 440
306 608
306 643
306 717
306 726
306 745
306 765
306 883
307 30
307 36
307 63
307 83
307 179
307 226
307 309
307 561
307 581
307 759
307 928
308 2
308 45
308 224
308 234
308 291
308 505
308 573
308 821
309 77
309 98
309 191
309 336
309 346
309 352
309 354
309 378
309 395
309 451
309 596
310 238
310 356
310 404
310 407
310 409
310 462
310 550
310 670
310 752
310 859
311 2
311 27
311 63
311 264
311 437
311 578
311 604
311 645
311 826
311 867
311 940
312 127
312 267
312 277
312 408
312 534
312 569
312 691
312 825
312 830
313 33
313 90
313 137
313 183
313 272
313 295
313 374
313 482
313 559
313 561
313 835
313 868
313 876
314 18
314 269
314 295
314 338
314 357
314 636
314 910
314 911
315 212
315 241
315 242
315 285
315 290
315 411
315 534
315 546
315 653
315 823
315 962
316 8
316 216
316 220
316 272
316 358
316 464
316 728
316 739
316 763
316 965
317 259
317 354
317 480
317 785
318 145
318 499
318 517
318 790
318 944
318 987
319 13
319 53
319 155
319 204
319 502
319 519
319 563
319 587
319 690
319 761
320 18
320 51
320 147
320 149
320 312
320 413
320 478
320 503
320 865
320 967
321 26
321 123
321 219
321 271
321 382
321 507
321 568
321 604
321 753
321 902
321 927
322 32
322 107
322 167
322 184
322 195
322 196
322 231
322 259
322 300
322 536
322 540
322 815
322 864
322 873
322 922
322 941
323 13
323 16
323 21
323 110
323 130
323 152
323 179
323 188
323 201
323 283
323 411
323 463
323 838
323 843
323 853
323 961
324 516
324 622
324 740
324 773
324 905
325 476
325 697
325 763
325 809
325 860
325 871
325 904
326 151
326 195
326 269
326 322
326 335
326 355
326 566
326 852
326 896
326 940
326 993
327 41
327 98
327 177
327 289
327 299
327 329
327 396
327 529
327 552
327 769
327 798
327 799
327 881
328 69
328 133
328 136
328 183
328 328
328 533
328 697
328 730
328 791
329 159
329 184
329 361
329 418
329 496
329 601
329 675
329 730
329 734
329 804
329 816
329 909
329 942
330 67
330 231
330 549
330 660
331 19
331 23
331 37
331 202
331 232
331 291
331 442
331 492
332 38
332 54
332 105
332 195
332 309
332 314
332 478
332 488
332 513
332 686
332 908
332 924
332 936
333 115
333 300
333 339
333 415
333 426
333 447
333 450
333 536
333 625
333 669
333 741
333 754
333 806
333 812
334 182
334 197
334 335
334 350
334 422
334 487
334 491
334 509
334 520
334 565
334 672
334 814
334 978
335 47
335 263
335 358
335 505
335 739
335 914
335 991
336 666
336 809
336 818
337 334
337 450
337 465
337 549
337 628
337 695
337 837
338 219
338 301
338 320
338 393
338 564
338 678
338 681
338 868
338 898
339 22
339 261
339 342
339 500
339 580
339 788
340 184
340 223
340 316
340 429
340 713
340 900
340 906
340 916
340 963
341 78
341 247
341 400
341 510
341 801
341 811
341 894
342 43
342 113
342 226
342 305
342 334
342 535
342 951
343 41
343 42
343 147
343 270
343 578
343 601
343 699
343 756
343 768
344 34
344 71
344 237
344 298
344 357
344 458
344 628
344 826
344 982
345 153
345 241
345 350
345 356
345 606
345 643
345 646
345 680
345 699
345 726
345 745
345 761
345 826
345 831
346 366
346 693
346 734
346 816
346 897
346 933
346 970
347 50
347 99
347 236
347 271
347 340
347 342
347 360
347 377
347 393
347 435
347 437
347 487
347 518
347 519
347 568
347 588
347 599
347 728
347 916
347 984
348 188
348 227
348 284
348 430
348 604
348 616
348 634
348 707
348 783
348 823
348 958
349 272
349 307
349 310
349 403
349 640
349 770
349 795
349 885
349 920
350 5
350 23
350 26
350 61
350 77
350 88
350 240
350 257
350 261
350 298
350 315
350 319
350 663
350 762
350 813
351 54
351 68
351 146
351 288
351 636
351 735
351 854
351 868
351 893
352 55
352 209
352 339
352 373
352 408
352 611
352 658
352 664
352 673
352 683
352 684
352 696
352 744
352 811
352 923
352 960
352 964
353 35
353 48
353 212
353 251
353 258
353 366
353 410
353 482
353 493
353 540
353 687
353 716
354 37
354 144
354 176
354 258
354 263
354 296
354 318
354 354
354 379
354 762
354 785
354 898
354 975
355 21
355 30
355 53
355 214
355 318
355 486
355 515
355 704
355 720
355 785
355 900
355 921
356 57
356 175
356 392
356 515
356 533
356 579
356 677
356 766
356 915
356 987
357 61
357 361
357 401
357 535
357 596
357 605
357 636
357 731
357 739
357 757
357 789
357 987
358 153
358 183
358 254
358 264
358 550
358 601
358 619
358 711
358 736
358 751
358 804
359 291
359 351
359 386
359 412
359 417
359 489
359 503
359 548
359 702
359 706
359 726
359 734
359 931
360 260
360 419
360 472
360 474
360 584
360 771
360 820
360 821
360 867
361 66
361 87
361 388
361 660
361 690
361 858
361 879
361 896
361 939
362 512
363 218
363 321
363 339
363 401
363 592
363 694
363 741
363 746
363 783
363 795
363 959
364 20
364 76
364 191
364 415
364 499
364 656
364 765
364 808
364 969
365 120
365 202
365 233
365 527
365 928
365 969
366 39
366 314
366 775
366 831
366 835
366 892
366 919
367 24
367 171
367 419
367 687
367 840
367 844
367 858
367 875
368 77
368 94
368 143
368 306
368 320
368 360
368 766
368 803
369 262
369 289
369 489
369 698
369 730
370 93
370 152
370 431
370 585
370 825
370 880
370 942
370 971
371 50
371 98
371 171
371 215
371 397
371 765
371 817
372 20
372 80
372 305
372 340
372 344
372 402
372 453
372 601
372 758
372 876
373 123
373 135
373 219
373 280
373 286
373 315
373 462
373 685
373 809
373 855
373 970
374 55
374 90
374 118
374 318
374 397
374 409
374 717
374 757
374 764
374 834
375 1
375 25
375 335
375 397
375 437
375 481
375 702
375 754
375 853
375 861
375 866
375 978
376 194
376 218
376 259
376 302
376 324
376 436
376 771
376 985
377 194
377 765
377 940
378 35
378 259
378 331
378 400
378 498
378 564
378 754
378 807
378 834
378 881
379 7
379 106
379 168
379 394
379 426
379 524
379 570
379 604
379 657
379 702
379 827
379 893
379 916
380 81
380 240
380 563
381 17
381 82
381 197
381 211
381 219
381 227
381 421
381 512
381 712
381 865
381 895
381 913
382 65
382 270
382 302
382 402
382 558
382 594
382 632
382 664
382 812
382 951
383 35
383 111
383 188
383 289
383 405
383 537
383 556
383 917
384 8
384 63
384 196
384 258
384 306
384 374
384 569
384 732
384 761
384 806
384 842
384 862
384 878
384 923
385 235
385 274
385 352
385 373
385 415
385 439
385 479
385 517
385 557
385 623
385 685
385 694
385 766
385 835
386 34
386 46
386 113
386 306
386 540
386 571
386 643
386 753
386 836
386 846
386 940
386 962
387 28
387 101
387 163
387 207
387 219
387 222
387 301
387 323
387 346
387 508
387 868
387 906
388 133
388 185
388 256
388 447
388 483
388 760
388 783
388 955
388 968
389 269
389 314
389 458
389 494
389 509
389 577
389 579
389 624
389 650
389 821
389 924
389 927
389 940
389 964
390 36
390 79
390 211
390 271
390 434
390 460
390 510
390 515
390 741
390 860
390 864
390 867
390 993
391 71
391 140
391 567
391 595
391 718
391 744
391 796
391 906
392 18
392 20
392 46
392 97
392 143
392 150
392 177
392 187
392 386
392 820
393 330
393 371
393 555
393 565
393 663
393 855
393 903
394 14
394 317
394 388
394 597
394 799
394 933
395 30
395 44
395 63
395 197
395 378
395 388
395 507
395 572
395 694
395 704
395 724
395 877
395 906
395 975
395 991
396 15
396 53
396 416
396 464
396 520
396 599
396 781
396 823
396 962
396 994
397 67
397 122
397 168
397 349
397 511
397 618
397 708
397 873
397 913
398 51
398 73
398 290
398 297
398 313
398 374
398 475
398 477
398 481
398 564
398 681
398 717
398 760
398 800
398 810
398 991
398 995
399 108
399 352
399 481
399 605
399 791
400 145
400 224
400 243
400 524
400 616
400 617
400 647
400 678
400 783
401 279
401 540
401 545
401 607
401 626
401 660
401 860
401 984
402 5
402 188
402 230
402 356
402 700
402 771
402 927
403 366
403 862
403 989
403 998
404 95
404 328
404 604
404 718
404 830
404 843
404 864
404 887
404 977
405 191
405 498
405 615
405 670
405 687
405 703
405 928
406 44
406 61
406 256
406 346
406 414
406 533
406 550
406 600
406 635
406 785
406 796
406 964
406 986
406 994
407 121
407 584
407 671
407 681
407 881
408 17
408 274
408 280
408 283
408 302
408 319
408 353
408 358
408 383
408 431
408 476
408 477
408 488
408 493
408 531
408 551
408 703
408 729
408 853
409 57
409 119
409 467
409 522
409 553
409 667
409 680
409 775
409 787
409 994
410 98
410 286
410 329
410 660
410 777
410 782
410 843
411 34
411 192
411 204
411 418
411 452
411 588
411 767
411 826
411 858
411 888
412 70
412 189
412 371
412 429
412 508
412 610
412 962
412 973
413 73
413 78
413 121
413 214
413 338
413 438
413 439
413 456
413 494
413 536
413 560
413 605
413 611
413 898
414 262
414 339
414 364
414 424
414 458
414 548
414 551
414 568
414 687
414 891
414 898
415 362
415 389
415 431
415 549
415 624
415 917
416 246
416 306
416 537
416 589
416 663
416 756
416 788
417 39
417 117
417 128
417 176
417 191
417 242
417 253
417 333
417 408
417 420
417 550
417 791
417 876
418 240
418 295
418 379
418 890
418 898
419 57
419 59
419 158
419 225
419 355
419 371
419 657
419 862
420 118
420 190
420 301
420 410
420 565
420 654
420 683
420 920
420 933
420 966
421 292
421 325
421 365
421 513
421 532
421 699
421 724
421 815
422 65
422 126
422 213
422 247
422 292
422 305
422 340
422 579
422 677
422 693
422 699
422 737
423 2
423 121
423 278
423 319
423 375
423 419
423 461
423 476
423 602
423 713
423 724
423 893
423 902
424 108
424 202
424 275
424 408
424 502
424 513
424 562
424 636
424 654
424 663
424 667
424 915
424 931
424 953
425 33
425 41
425 52
425 61
425 287
425 354
425 454
425 517
425 559
425 667
425 703
425 721
425 740
425 889
425 981
426 11
426 18
426 39
426 303
426 483
426 539
426 551
426 602
426 661
426 824
426 871
426 962
427 23
427 114
427 131
427 153
427 232
427 241
427 258
427 388
427 557
427 737
427 741
427 773
428 12
428 60
428 180
428 348
428 538
428 552
428 712
428 748
428 942
429 73
429 222
429 345
429 457
429 663
429 766
429 846
429 871
430 26
430 163
430 240
430 384
430 412
430 584
430 785
431 99
431 116
431 269
431 327
431 424
431 516
431 564
431 735
431 800
431 963
432 9
432 32
432 148
432 155
432 196
432 217
432 237
432 280
432 341
432 463
432 658
432 685
432 855
433 23
433 56
433 282
433 309
433 408
433 594
433 717
433 856
433 891
433 995
434 113
434 269
434 390
434 514
434 542
434 678
434 738
434 976
435 560
435 649
436 271
436 350
436 358
436 409
436 646
436 795
436 895
437 62
437 156
437 640
437 742
437 750
438 191
438 205
438 222
438 427
438 675
438 724
438 910
438 915
439 86
439 399
439 525
439 713
439 865
439 891
439 921
439 939
440 72
440 81
440 106
440 291
440 819
441 45
441 284
441 477
441 540
441 564
441 629
441 868
442 43
442 165
442 173
442 244
442 289
442 494
442 523
442 570
442 717
442 891
443 89
443 377
443 426
443 479
443 505
443 554
443 617
443 683
443 728
443 950
444 7
444 66
444 243
444 280
444 353
444 436
444 441
444 520
444 571
444 677
444 733
445 34
445 181
445 258
445 411
445 431
445 617
445 628
445 672
445 740
445 841
445 899
445 926
446 183
446 210
446 262
446 278
446 414
446 419
446 453
446 475
446 537
446 562
446 702
446 824
446 876
446 898
446 937
446 986
447 40
447 589
447 752
447 967
447 970
447 977
448 69
448 192
448 397
448 420
448 575
448 663
448 758
448 834
448 882
448 963
449 90
449 190
449 251
449 401
449 492
449 503
449 642
449 902
449 911
449 945
450 42
450 43
450 169
450 277
450 359
450 385
450 941
450 952
450 998
451 67
451 115
451 215
451 542
451 554
451 734
451 784
451 876
452 2
452 139
452 167
452 377
452 546
452 577
452 609
452 620
452 627
452 670
452 852
452 857
453 60
453 188
453 294
453 575
453 579
453 646
453 727
453 862
453 940
454 253
454 419
454 444
454 682
454 773
454 934
455 193
455 228
455 277
455 285
455 314
455 550
455 557
456 4
456 88
456 154
456 208
456 209
456 257
456 413
456 423
456 525
456 532
456 579
456 824
457 18
457 206
457 230
457 582
457 812
457 841
457 988
458 118
458 178
458 210
458 293
458 301
458 410
458 592
458 639
458 687
458 814
458 849
459 48
459 201
459 295
459 387
459 457
459 550
459 647
459 710
459 966
460 39
460 135
460 342
460 395
460 515
460 530
460 675
460 726
460 745
460 798
461 125
461 132
461 202
461 349
461 457
461 539
461 702
461 741
462 27
462 47
462 151
462 347
462 407
462 457
462 478
462 580
462 603
462 683
462 757
462 763
462 826
462 917
463 190
463 217
463 464
463 485
463 487
463 497
463 745
463 781
463 933
463 978
464 7
464 78
464 161
464 336
464 530
464 673
464 704
464 762
464 812
464 823
464 853
465 271
465 344
465 483
465 533
465 691
465 724
465 947
466 72
466 243
466 318
466 367
466 400
466 468
466 499
466 637
466 688
466 849
467 54
467 218
467 391
467 465
467 835
468 172
468 368
468 397
468 425
468 449
468 495
468 623
468 713
468 720
468 725
468 882
469 220
469 412
469 675
469 741
469 859
469 886
469 987
470 63
470 467
470 473
470 610
470 677
470 910
470 939
470 965
470 975
470 977
471 33
471 147
471 213
471 273
471 663
471 750
471 820
471 822
471 936
471 957
472 3
472 166
472 232
472 338
472 343
472 431
472 445
472 457
472 495
472 569
473 160
473 291
473 445
473 452
473 523
473 581
473 585
473 629
473 678
473 779
473 885
473 929
474 40
474 151
474 155
474 200
474 227
474 360
474 433
474 462
474 691
474 891
474 990
475 16
475 152
475 330
475 415
475 457
475 494
475 502
475 591
475 706
475 977
476 61
476 311
476 380
476 393
476 402
476 441
476 537
476 804
476 861
476 885
476 893
476 994
477 17
477 262
477 317
477 496
478 63
478 103
478 148
478 529
478 530
478 568
478 587
478 770
478 824
478 919
479 34
479 146
479 322
479 355
479 379
479 454
479 464
479 529
479 538
479 541
479 701
479 773
480 35
480 47
480 89
480 249
480 275
480 374
480 714
480 754
480 769
480 849
480 867
480 930
481 68
481 106
481 140
481 200
481 209
481 283
481 503
481 553
481 767
482 26
482 130
482 245
482 551
482 597
482 629
482 779
482 931
483 4
483 47
483 113
483 184
483 296
483 542
483 699
483 945
484 154
484 179
484 181
484 202
484 331
484 462
484 497
484 608
484 667
484 691
484 728
484 791
484 858
484 986
485 151
485 159
485 189
485 395
485 435
485 503
485 674
485 762
485 814
485 973
486 108
486 311
486 351
486 355
486 358
486 450
486 460
486 594
486 646
486 709
486 817
486 929
486 935
486 991
487 320
487 428
487 555
487 728
487 809
487 968
488 129
488 144
488 204
488 215
488 230
488 281
488 295
488 616
488 731
488 896
488 940
488 966
488 969
489 162
489 302
489 406
489 427
489 476
489 765
489 810
489 844
489 887
489 911
489 947
490 62
490 134
490 195
490 250
490 268
490 292
490 404
490 478
490 540
490 604
490 630
490 661
490 669
490 860
490 949
490 982
491 108
491 139
491 363
491 533
491 737
491 780
491 815
492 14
492 70
492 161
492 277
492 314
492 532
492 605
492 778
492 807
492 843
492 888
493 47
493 105
493 222
493 273
493 352
493 366
493 499
493 604
494 15
494 70
494 209
494 525
494 526
494 535
494 642
494 660
494 733
494 851
495 43
495 64
495 73
495 112
495 128
495 433
495 435
495 485
495 720
495 726
495 765
495 799
495 946
495 994
496 25
496 88
496 178
496 275
496 277
496 425
496 520
496 524
496 547
496 615
496 641
497 106
497 202
497 212
497 245
497 382
497 548
497 715
497 765
497 902
497 976
498 0
498 25
498 138
498 436
498 447
498 565
498 702
498 881
499 23
499 52
499 59
499 127
499 221
499 242
499 336
499 541
499 566
499 588
499 676
499 858
499 861
499 915
499 972
500 86
500 233
500 269
500 327
500 376
500 409
500 417
500 419
500 446
500 470
500 481
500 636
500 701
500 780
500 825
500 988
501 113
501 278
501 315
501 623
501 652
501 737
501 804
501 824
501 935
501 999
502 11
502 63
502 77
502 210
502 669
502 741
502 822
502 907
503 112
503 140
503 151
503 315
503 437
503 656
503 773
503 851
503 921
504 35
504 137
504 292
504 346
504 375
504 446
504 646
504 651
504 776
504 855
505 121
505 182
505 367
505 460
505 500
505 578
505 592
505 869
506 142
506 255
506 375
506 526
506 550
506 897
506 953
507 6
507 89
507 311
507 412
507 770
507 789
507 918
508 42
508 70
508 297
508 315
508 421
508 429
508 447
508 640
508 820
509 23
509 105
509 112
509 358
509 396
509 425
509 570
509 683
509 850
509 897
509 903
509 926
510 52
510 227
510 418
510 519
510 607
510 686
510 740
510 927
510 958
511 262
511 354
511 663
511 679
511 884
512 80
512 86
512 169
512 250
512 466
512 468
512 610
512 669
512 751
512 793
512 913
513 73
513 248
513 261
513 534
513 689
513 821
513 875
513 924
514 94
514 116
514 499
514 695
514 724
514 804
515 265
515 364
515 365
515 422
515 723
515 746
515 798
515 933
515 953
516 30
516 102
516 111
516 206
516 329
516 340
516 612
516 649
516 736
516 749
517 44
517 319
517 397
517 405
517 473
517 725
517 783
517 849
517 898
517 992
518 144
518 174
518 265
518 293
518 338
518 341
518 413
518 587
518 667
518 755
518 799
518 968
519 11
519 39
519 147
519 463
519 588
520 158
520 259
520 260
520 370
520 681
520 830
520 886
520 928
521 288
521 362
521 383
521 462
521 472
521 483
521 705
521 746
521 861
521 890
521 975
522 178
522 250
522 269
522 482
522 491
522 560
522 700
522 785
522 906
522 914
522 918
522 974
523 42
523 457
523 563
523 596
523 688
523 796
523 892
523 915
523 923
524 121
524 200
524 257
524 261
524 296
524 322
524 329
524 486
524 566
524 588
524 607
524 707
524 772
524 871
525 25
525 52
525 78
525 173
525 695
525 748
526 50
526 121
526 244
526 547
526 636
526 806
526 905
526 947
526 959
527 126
527 212
527 213
527 366
527 456
527 460
527 500
527 501
527 726
527 941
527 972
528 36
528 93
528 277
528 301
528 509
528 644
528 682
528 699
528 811
528 849
528 918
528 929
529 143
529 206
529 276
529 286
529 407
529 413
529 439
529 447
529 647
529 850
530 68
530 224
530 243
530 340
530 829
531 61
531 99
531 177
531 226
531 232
531 389
531 430
531 461
531 500
531 526
531 583
531 593
531 671
531 864
531 919
532 89
532 92
532 137
532 139
532 189
532 248
532 326
532 564
532 582
532 656
532 843
532 860
532 945
533 27
533 46
533 242
533 329
533 395
533 506
533 539
533 573
533 716
533 747
533 841
534 15
534 42
534 88
534 244
534 255
534 271
534 383
534 452
534 524
534 615
534 658
534 702
534 915
535 76
535 239
535 256
535 533
535 536
535 548
535 656
535 726
535 750
535 789
535 952
536 31
536 381
536 421
536 487
536 539
536 541
536 627
536 761
536 853
536 898
536 919
536 960
536 966
537 2
537 172
537 194
537 366
537 536
537 548
537 560
537 625
537 720
537 860
537 871
537 919
538 4
538 38
538 65
538 133
538 255
538 320
538 509
538 686
538 695
538 811
538 835
538 860
538 914
538 928
539 65
539 275
539 524
539 849
540 151
540 182
540 541
540 555
540 583
540 666
540 753
540 853
541 111
541 453
541 456
541 566
541 583
541 654
541 991
542 41
542 143
542 171
542 222
542 541
542 565
542 643
542 689
542 698
542 727
542 737
542 739
542 844
542 874
542 947
542 985
543 57
543 79
543 136
543 295
543 412
543 619
543 828
543 963
544 29
544 101
544 138
544 260
544 630
544 701
544 807
544 841
544 844
544 852
544 915
544 946
544 949
545 95
545 143
545 298
545 417
545 496
545 515
545 722
545 959
546 146
546 593
546 687
546 714
546 835
546 954
547 100
547 240
547 360
547 388
547 437
547 443
547 446
547 476
547 762
547 786
547 885
547 887
547 909
548 24
548 116
548 128
548 245
548 357
548 432
548 449
548 578
548 934
549 5
549 14
549 45
549 103
549 112
549 451
549 485
549 610
549 647
549 865
550 173
550 289
550 391
550 755
550 776
550 801
550 990
551 189
551 442
551 541
551 604
551 620
551 691
551 768
551 840
551 887
552 14
552 244
552 407
552 450
552 535
552 553
552 584
552 622
552 649
552 699
552 748
552 775
552 844
552 849
552 879
552 894
552 990
553 34
553 117
553 225
553 316
553 355
553 485
553 686
553 815
553 972
554 60
554 78
554 111
554 185
554 249
554 269
554 273
554 384
554 462
554 516
554 559
554 566
554 579
554 691
554 710
554 806
555 2
555 105
555 221
555 225
555 612
555 655
555 691
555 754
556 102
556 154
556 181
556 251
556 260
556 483
556 517
556 566
556 593
556 788
556 935
556 940
557 101
557 362
557 383
557 510
557 730
557 737
557 751
557 756
557 845
558 104
558 137
558 170
558 311
558 400
558 780
559 156
559 177
559 184
559 246
559 436
559 559
559 739
559 780
559 800
559 820
559 829
559 880
560 118
560 140
560 163
560 202
560 515
560 578
560 620
560 729
560 753
560 828
560 976
561 120
561 176
561 182
561 307
561 311
561 794
561 804
561 958
562 78
562 101
562 334
562 466
562 480
562 502
562 821
563 182
563 224
563 260
563 271
563 348
563 380
563 583
564 83
564 121
564 151
564 165
564 171
564 208
564 274
564 345
564 709
565 109
565 162
565 522
565 598
565 687
565 702
565 708
565 896
566 441
566 589
566 598
566 837
566 919
567 39
567 74
567 78
567 208
567 217
567 250
567 307
567 534
567 828
567 989
568 78
568 144
568 189
568 334
568 387
568 570
568 593
568 708
568 710
568 759
568 760
568 797
568 989
569 125
569 293
569 401
569 405
569 505
569 617
569 810
569 906
570 320
570 529
570 720
570 739
570 812
570 879
571 3
571 65
571 102
571 280
571 287
571 394
571 460
571 488
571 633
571 642
571 810
571 848
571 864
571 985
572 64
572 171
572 396
572 585
572 677
572 726
572 749
572 937
573 45
573 77
573 121
573 321
573 409
573 573
573 575
573 630
573 918
573 945
573 986
574 0
574 278
574 383
574 414
574 546
574 655
574 695
574 697
574 791
574 809
575 213
575 237
575 250
575 254
575 323
575 440
575 511
575 528
575 639
575 814
575 985
576 100
576 166
576 300
576 407
576 528
576 592
576 818
577 242
577 412
577 444
577 643
577 675
577 779
577 888
577 926
577 939
577 951
578 14
578 57
578 76
578 481
578 537
578 590
579 159
579 210
579 224
579 317
579 394
579 561
579 600
579 634
579 856
579 924
579 992
579 993
580 200
580 535
580 654
580 675
580 769
580 796
580 863
581 61
581 82
581 172
581 257
581 258
581 510
581 892
582 103
582 202
582 316
582 378
582 458
582 586
582 690
582 719
582 728
582 749
582 787
582 862
582 889
582 972
583 292
583 298
583 580
583 586
583 751
583 893
583 955
583 985
584 84
584 141
584 392
584 449
584 486
584 493
584 502
584 617
584 762
584 780
584 876
584 905
585 49
585 76
585 135
585 137
585 182
585 258
585 293
585 420
585 423
585 487
585 506
585 853
586 225
586 458
586 612
586 754
586 924
587 215
587 288
587 298
587 358
587 372
587 447
587 470
587 588
587 837
587 861
587 940
588 154
588 346
588 404
588 496
588 497
588 567
588 688
588 744
588 799
588 875
588 901
588 913
589 96
589 179
589 205
589 227
589 249
589 277
589 458
589 541
589 579
589 605
589 998
590 76
590 137
590 330
590 350
590 438
590 673
590 828
590 898
591 221
591 230
591 607
591 705
591 759
591 796
591 875
592 79
592 90
592 134
592 149
592 305
592 331
592 536
592 568
592 576
592 654
592 704
592 764
592 905
592 956
593 32
593 34
593 48
593 147
593 228
593 347
593 521
593 674
593 852
593 895
593 905
594 33
594 81
594 108
594 176
594 263
594 627
594 658
594 697
594 927
595 9
595 60
595 122
595 161
595 247
595 315
595 317
595 467
595 521
595 775
595 778
595 819
595 829
595 844
595 874
596 488
596 575
596 586
596 613
596 705
596 765
596 874
596 924
597 48
597 54
597 61
597 215
597 242
597 692
597 717
597 754
597 784
597 803
597 937
597 986
598 47
598 48
598 322
598 341
598 344
598 575
598 580
598 676
598 874
599 120
599 260
599 283
599 502
599 800
599 847
599 942
599 965
599 975
600 9
600 40
600 42
600 154
600 267
600 326
600 359
600 605
600 695
600 844
601 252
601 276
601 680
601 790
601 812
602 118
602 185
602 362
602 437
602 547
602 744
602 873
602 904
602 922
602 982
603 49
603 278
603 593
603 675
603 771
603 828
603 926
603 957
603 971
604 95
604 296
604 320
604 404
604 449
604 623
604 674
604 901
604 907
604 984
604 997
605 106
605 129
605 305
605 354
605 429
605 448
605 474
605 513
605 567
605 674
605 841
605 981
605 992
606 178
606 192
606 275
606 296
606 328
606 330
606 373
606 532
606 539
606 605
606 665
606 684
606 734
606 864
606 907
607 99
607 180
607 280
607 727
607 735
607 882
607 884
607 927
607 937
608 109
608 139
608 285
608 349
608 496
608 535
608 708
608 729
608 792
608 848
608 849
608 952
609 167
609 236
609 264
609 623
609 705
609 846
609 880
610 8
610 30
610 56
610 87
610 108
610 109
610 250
610 427
610 438
610 781
610 911
610 949
611 29
611 59
611 115
611 231
611 248
611 276
611 282
611 306
611 320
611 340
611 389
611 680
611 700
611 715
611 866
612 16
612 243
612 244
612 246
612 334
612 397
612 718
612 771
612 945
612 973
613 26
613 84
613 489
613 514
613 559
613 711
614 210
614 292
614 369
614 397
614 464
614 476
615 204
615 314
615 363
615 773
615 885
616 81
616 186
616 231
616 361
616 403
616 665
616 682
616 796
616 831
617 96
617 433
617 469
617 795
617 946
618 39
618 41
618 142
618 182
618 236
618 267
618 474
618 523
618 531
618 769
618 800
618 808
618 815
618 974
619 10
619 27
619 39
619 130
619 181
619 287
619 418
619 539
619 562
619 593
619 723
619 745
619 824
619 896
619 927
619 944
619 974
620 53
620 199
620 228
620 304
620 488
620 652
621 123
621 182
621 282
621 400
621 428
621 457
621 560
621 713
621 729
621 737
621 768
621 864
621 873
621 942
622 17
622 241
622 411
622 649
622 653
622 897
622 977
623 121
623 179
623 249
623 255
623 365
623 371
623 378
623 452
623 517
623 671
623 710
623 752
623 947
624 156
624 538
624 620
624 669
624 688
624 724
624 748
624 873
625 15
625 37
625 199
625 409
625 452
625 479
625 742
625 850
625 911
626 81
626 127
626 296
626 344
626 379
626 512
626 515
626 554
626 613
626 706
626 749
626 828
626 846
626 935
627 73
627 124
627 234
627 317
627 456
627 564
627 706
627 766
627 806
627 848
627 929
628 131
628 255
628 258
628 311
628 338
628 371
628 466
628 467
628 623
628 689
628 757
628 855
628 867
628 877
628 897
628 930
628 931
628 934
628 945
628 977
629 118
629 207
629 228
629 266
629 375
629 421
629 472
629 562
629 623
629 722
629 725
629 804
629 849
629 869
630 11
630 135
630 228
630 265
630 404
630 452
630 495
630 661
630 736
630 829
630 849
630 892
630 937
630 974
631 379
631 436
631 616
631 618
631 734
632 5
632 56
632 346
632 415
632 598
632 641
632 666
632 743
632 869
633 176
633 275
633 373
633 452
633 455
633 576
633 632
633 671
633 726
633 774
633 958
634 314
634 494
634 548
634 554
634 583
634 796
634 841
634 847
634 932
635 20
635 26
635 86
635 101
635 170
635 270
635 271
635 354
635 444
635 446
635 473
635 512
635 541
635 786
635 947
635 994
636 31
636 37
636 223
636 379
636 445
636 488
636 785
637 241
637 314
637 438
637 469
637 537
637 605
637 674
637 856
638 38
638 236
638 261
638 264
638 333
638 535
638 566
638 632
638 748
638 797
638 830
638 932
638 993
638 996
639 216
639 222
639 386
639 403
639 431
639 757
639 864
640 101
640 110
640 202
640 356
640 489
640 494
640 581
640 608
640 694
640 968
641 72
641 146
641 248
641 274
641 335
641 404
641 641
641 653
641 814
642 10
642 72
642 178
642 236
642 822
643 204
643 236
643 389
643 392
643 528
643 542
643 554
643 725
643 744
643 780
644 52
644 98
644 155
644 196
644 320
644 377
644 534
644 542
644 610
644 828
645 31
645 104
645 446
645 516
645 624
645 637
645 851
645 905
645 996
646 153
646 167
646 177
646 182
646 592
646 612
646 899
646 997
647 2
647 25
647 144
647 371
647 387
647 490
647 528
647 548
647 696
647 773
647 781
648 58
648 307
648 391
648 418
648 544
648 548
648 700
648 880
648 923
648 980
649 33
649 44
649 503
649 510
649 518
649 733
649 818
649 866
649 878
649 898
649 948
649 963
650 20
650 96
650 538
650 610
650 803
650 859
650 866
650 917
650 989
651 336
651 387
651 534
651 574
651 589
651 613
651 643
651 653
651 658
651 677
651 838
651 967
651 974
652 392
652 439
652 579
652 632
652 647
652 664
652 755
652 925
653 17
653 164
653 180
653 280
653 289
653 291
653 294
653 535
653 571
653 715
653 723
653 839
653 885
654 14
654 54
654 96
654 197
654 382
654 612
654 809
654 922
654 945
655 47
655 183
655 447
655 484
655 668
655 698
655 757
655 934
656 73
656 127
656 132
656 295
656 367
656 436
656 580
656 613
656 651
656 672
656 683
656 799
657 16
657 227
657 285
657 373
657 475
657 563
657 602
657 770
657 799
657 885
657 996
658 43
658 122
658 136
658 217
658 269
658 340
658 365
658 833
659 19
659 101
659 117
659 210
659 807
659 887
659 913
660 98
660 113
660 171
660 231
660 235
660 320
660 431
660 432
660 461
660 485
660 627
660 718
660 772
660 787
660 816
660 925
661 107
661 406
661 408
661 482
661 484
661 619
661 665
661 705
661 767
662 99
662 245
662 257
662 581
662 592
662 624
662 803
662 885
662 936
663 4
663 89
663 93
663 220
663 310
663 569
663 895
664 46
664 66
664 79
664 433
664 638
664 751
664 822
664 971
664 976
665 153
665 259
665 283
665 544
665 610
665 729
665 792
665 821
665 876
665 903
665 994
666 53
666 108
666 191
666 196
666 295
666 381
666 433
666 650
666 683
666 885
667 43
667 48
667 53
667 108
667 213
667 445
667 518
667 663
667 676
667 705
667 708
667 723
667 739
667 850
667 997
668 64
668 238
668 247
668 374
668 438
668 491
668 538
668 540
668 579
668 793
668 941
669 101
669 307
669 355
669 358
669 500
669 527
669 615
669 952
669 999
670 6
670 18
670 119
670 301
670 491
670 500
670 506
670 510
670 631
670 676
670 691
670 697
671 2
671 207
671 295
671 368
671 515
671 607
671 956
671 958
671 980
672 141
672 161
672 433
672 615
672 826
672 844
672 901
673 51
673 85
673 90
673 131
673 361
673 422
673 448
673 468
673 645
673 762
673 797
673 810
674 398
674 442
674 464
674 468
674 542
674 618
674 820
674 940
674 964
675 192
675 203
675 373
675 507
675 531
675 628
675 632
675 722
675 866
675 904
676 2
676 323
676 386
676 389
676 486
676 520
676 544
676 721
677 2
677 34
677 79
677 175
677 196
677 200
677 377
677 387
677 424
677 469
677 511
677 522
677 794
677 823
677 844
677 968
678 201
678 222
678 237
678 302
678 350
678 370
678 403
678 483
678 560
678 561
678 675
678 692
678 893
678 905
678 940
678 957
678 959
679 73
679 181
679 228
679 291
679 551
679 778
679 935
680 345
680 467
680 586
680 805
680 898
680 903
680 976
681 13
681 37
681 130
681 157
681 385
681 469
681 576
681 641
681 655
681 679
681 685
681 819
681 875
681 914
681 977
681 978
681 990
682 99
682 112
682 172
682 181
682 225
682 309
682 357
682 521
682 749
682 781
682 831
682 960
683 20
683 68
683 175
683 186
683 195
683 205
683 212
683 285
683 311
683 444
683 551
683 608
683 749
683 754
683 789
683 925
683 966
684 205
684 418
684 470
684 566
684 626
684 669
684 790
684 837
684 948
685 141
685 192
685 208
685 217
685 271
685 673
685 709
685 917
685 943
685 983
686 241
686 311
686 390
686 403
686 439
686 767
687 278
687 287
687 363
687 384
687 400
687 716
687 869
688 160
688 269
688 272
688 408
688 568
688 618
688 624
689 131
689 270
689 287
689 511
689 663
689 698
689 911
689 966
690 80
690 193
690 323
690 753
690 867
691 104
691 136
691 147
691 153
691 217
691 292
691 345
691 450
691 456
691 557
691 725
691 900
691 960
692 152
692 315
692 507
692 661
692 685
692 758
692 759
692 809
692 825
692 876
692 901
693 138
693 376
693 779
693 793
693 860
693 946
693 990
694 28
694 44
694 90
694 100
694 149
694 327
694 486
694 579
694 624
694 625
694 679
694 716
694 842
694 985
695 58
695 62
695 401
695 414
695 444
695 486
695 536
695 556
695 634
695 683
695 707
695 711
695 836
695 895
696 4
696 17
696 117
696 148
696 272
696 351
696 508
696 577
696 859
697 35
697 129
697 193
697 246
697 426
697 776
697 778
697 849
697 940
698 185
698 210
698 229
698 317
698 463
698 505
698 584
698 726
698 729
698 822
698 972
699 40
699 182
699 295
699 308
699 619
699 665
699 722
699 784
699 887
699 915
700 16
700 26
700 164
700 233
700 453
700 520
700 536
700 752
700 866
700 894
700 908
700 933
701 58
701 104
701 152
701 239
701 252
701 487
701 967
702 168
702 218
702 296
702 409
702 486
702 707
702 796
702 814
702 972
703 111
703 118
703 179
703 227
703 311
703 322
703 326
703 423
703 478
703 500
703 533
703 771
703 804
703 983
704 34
704 154
704 198
704 206
704 438
704 956
705 51
705 58
705 222
705 485
705 535
705 638
705 740
705 752
705 844
706 83
706 111
706 207
706 313
706 342
706 486
706 732
706 764
706 823
707 62
707 244
707 278
707 289
707 299
707 320
707 359
707 367
707 754
707 799
707 858
707 920
708 69
708 76
708 90
708 149
708 491
708 677
708 701
708 881
709 56
709 66
709 91
709 145
709 246
709 306
709 308
709 352
709 396
709 495
709 521
709 870
709 978
710 30
710 63
710 377
710 379
710 411
710 449
710 740
710 752
710 991
711 96
711 374
711 589
711 765
711 848
711 970
712 51
712 128
712 178
712 203
712 255
712 256
712 445
712 516
712 673
713 51
713 111
713 247
713 315
713 338
713 475
713 626
713 812
713 854
714 136
714 144
714 386
714 413
714 567
714 848
714 896
714 907
715 211
715 216
715 868
716 232
716 273
716 328
716 426
716 584
716 716
716 801
716 879
716 931
717 49
717 91
717 258
717 279
717 401
717 433
717 457
717 736
717 784
717 989
718 12
718 215
718 982
719 51
719 247
719 295
719 347
719 371
719 438
719 610
719 671
719 719
719 748
719 813
719 964
720 326
720 382
720 402
720 591
720 678
720 892
720 938
721 19
721 149
721 405
721 517
721 616
721 627
721 759
721 809
722 38
722 138
722 189
722 263
722 275
722 337
722 627
722 637
722 737
722 962
723 187
723 287
723 316
723 383
723 575
723 625
723 650
723 698
723 791
723 899
723 958
724 75
724 82
724 252
724 445
724 514
724 576
724 862
725 14
725 120
725 203
725 293
725 374
725 436
725 528
725 531
725 772
726 12
726 83
726 162
726 244
726 346
726 471
726 517
726 588
726 589
727 33
727 47
727 250
728 78
728 104
728 381
728 384
728 484
728 866
728 890
728 950
729 198
729 225
729 278
729 456
729 671
729 699
729 723
729 788
729 855
729 896
729 929
730 41
730 154
730 185
730 221
730 292
730 314
730 442
730 551
730 620
730 647
730 925
730 957
730 981
731 84
731 174
731 192
731 397
731 499
731 731
731 734
732 102
732 144
732 165
732 255
732 311
732 328
732 404
732 444
732 454
732 485
732 502
732 650
732 665
732 705
732 727
732 801
732 972
733 17
733 98
733 170
733 171
733 207
733 339
733 342
733 431
733 439
733 451
733 460
733 561
734 20
734 25
734 51
734 233
734 294
734 417
734 454
734 492
734 649
734 686
734 741
734 769
734 866
734 992
735 53
735 119
735 267
735 293
735 369
735 389
735 454
735 467
735 529
735 608
735 629
735 805
735 830
735 866
735 903
735 979
736 99
736 101
736 601
736 771
736 809
736 905
736 910
737 105
737 112
737 184
737 292
737 489
737 843
737 904
737 926
737 961
738 154
738 251
738 382
738 438
738 635
738 887
738 987
739 34
739 179
739 223
739 261
739 301
739 555
739 557
739 714
739 775
739 799
739 906
740 129
740 410
740 684
740 903
740 912
740 914
740 921
741 263
741 290
741 334
741 346
741 387
741 447
741 464
741 482
741 554
741 747
741 835
741 918
742 62
742 101
742 179
742 329
742 719
742 777
742 834
742 839
743 9
743 107
743 138
743 167
743 237
743 321
743 384
743 487
743 594
743 670
743 726
743 747
743 753
743 787
743 867
743 998
744 113
744 205
744 277
744 395
744 429
744 557
744 611
744 657
744 766
744 854
744 859
745 16
745 50
745 148
745 260
745 281
745 297
745 343
745 494
745 629
746 170
746 181
746 215
746 449
746 577
746 723
746 749
746 772
746 824
746 866
746 897
747 203
747 208
747 278
747 553
747 596
747 816
747 823
747 932
747 940
747 946
748 86
748 89
748 222
748 337
748 354
748 420
748 463
748 619
748 699
748 807
748 865
748 869
749 14
749 32
749 34
749 203
749 250
749 358
749 436
749 480
749 505
749 573
749 714
749 730
749 917
749 934
749 937
750 263
750 360
750 368
750 395
750 491
750 507
750 547
750 578
750 683
751 329
751 365
751 388
751 679
751 706
751 731
751 798
751 925
752 243
752 386
752 481
752 503
752 540
752 949
752 971
752 988
753 26
753 102
753 168
753 181
753 187
753 305
753 332
753 341
753 512
753 629
753 648
753 687
753 730
753 793
753 989
754 74
754 270
754 302
754 308
754 366
754 446
754 568
754 582
754 660
754 854
754 913
754 944
754 968
755 120
755 275
755 373
755 462
755 605
755 629
755 828
755 920
756 18
756 242
756 335
756 355
756 523
756 573
756 664
756 779
757 430
757 615
757 917
757 938
757 950
757 959
758 82
758 103
758 184
758 185
758 255
758 299
758 327
758 450
758 800
758 855
759 54
759 128
759 225
759 235
759 286
759 293
759 308
759 337
759 438
759 451
759 523
759 526
759 704
759 850
759 873
759 989
760 215
760 240
760 314
760 365
760 455
760 667
760 857
760 865
760 912
760 944
760 958
761 44
761 142
761 309
761 318
761 324
761 490
761 509
761 520
761 538
761 628
761 679
761 952
762 63
762 72
762 157
762 242
762 325
762 333
762 612
762 961
762 976
763 192
763 700
763 784
763 812
763 903
763 983
764 14
764 104
764 355
764 428
764 429
764 498
764 676
765 4
765 245
765 536
765 670
765 671
765 797
765 865
765 904
765 926
766 7
766 53
766 330
766 441
766 509
766 530
766 611
766 690
766 874
766 933
767 90
767 92
767 159
767 168
767 367
767 484
767 660
767 744
767 767
768 85
768 109
768 245
768 361
768 658
768 688
768 771
768 777
769 65
769 344
769 546
769 719
769 722
769 796
769 877
769 939
769 959
769 965
770 13
770 46
770 55
770 58
770 104
770 156
770 163
770 172
770 295
770 352
770 430
770 596
770 712
770 727
770 836
770 904
770 949
770 985
771 129
771 211
771 308
771 384
771 446
771 465
771 475
771 674
771 756
771 767
771 977
772 105
772 171
772 463
772 465
772 920
772 958
772 960
773 21
773 112
773 120
773 211
773 417
773 555
773 586
773 628
773 778
773 784
773 785
773 798
774 60
774 342
774 500
774 503
774 534
774 566
774 632
774 659
774 711
774 723
774 746
775 37
775 188
775 360
775 516
775 521
775 804
775 820
775 961
776 47
776 96
776 112
776 213
776 259
776 276
776 321
776 327
776 485
776 634
776 656
776 687
776 710
776 802
776 857
776 865
776 868
776 876
777 191
777 233
777 305
777 306
777 384
777 423
777 475
777 654
777 703
777 822
777 853
777 916
777 930
778 55
778 220
778 336
778 418
778 498
778 507
778 532
778 568
778 605
778 634
778 800
778 806
778 852
778 961
779 14
779 356
779 618
779 788
779 938
779 941
780 121
780 132
780 231
780 269
780 277
780 318
780 323
780 410
780 452
780 453
780 501
780 906
781 67
781 79
781 109
781 121
781 146
781 236
781 450
781 598
781 608
781 861
781 865
781 889
781 900
781 979
782 520
782 593
782 616
782 912
783 232
783 288
783 308
783 343
784 128
784 132
784 376
784 389
784 416
784 454
784 645
784 684
784 773
784 807
784 838
784 936
785 181
785 225
785 255
785 299
785 337
785 385
785 503
785 682
785 780
785 848
786 175
786 492
786 520
786 563
786 858
787 127
787 423
787 594
787 741
787 798
787 894
788 135
788 233
788 438
788 439
788 534
788 634
788 786
788 963
788 985
789 262
789 458
789 764
789 942
789 948
790 53
790 150
790 176
790 312
790 572
790 613
791 43
791 91
791 150
791 251
791 262
791 268
791 464
791 731
791 806
791 870
791 977
792 90
792 192
792 659
792 693
792 789
792 808
792 983
793 13
793 47
793 157
793 252
793 411
793 574
793 626
793 764
793 898
793 922
793 974
794 118
794 186
794 420
794 666
794 684
794 750
794 765
794 888
795 107
795 115
795 128
795 238
795 472
795 931
795 987
796 158
796 222
796 268
796 281
796 431
796 540
796 618
796 656
797 338
797 507
797 536
797 680
797 755
797 779
797 950
797 998
798 153
798 162
798 197
798 415
798 569
798 571
798 609
798 615
798 645
798 668
798 856
798 931
798 970
799 13
799 14
799 96
799 121
799 143
799 149
799 269
799 282
799 435
799 513
799 686
799 948
799 984
800 173
800 195
800 269
800 287
800 477
800 567
800 620
800 752
800 809
800 857
801 5
801 14
801 72
801 113
801 130
801 275
801 318
801 454
801 478
801 651
801 686
801 808
801 823
802 88
802 317
802 337
802 619
802 620
802 747
803 96
803 187
803 271
803 274
803 463
803 471
803 570
803 728
803 788
803 873
803 953
803 999
804 37
804 201
804 262
804 330
804 418
804 800
804 935
804 995
805 43
805 289
805 406
805 522
805 535
805 712
805 877
806 20
806 208
806 235
806 280
806 425
806 638
806 671
806 762
806 950
807 46
807 171
807 301
807 525
807 570
807 617
807 788
807 836
808 32
808 39
808 87
808 158
808 337
808 346
808 475
808 514
808 554
808 585
808 643
808 951
809 62
809 193
809 195
809 401
809 624
809 820
809 875
809 876
809 919
810 24
810 41
810 338
810 372
810 426
810 450
810 524
810 537
810 747
810 750
810 978
811 115
811 220
811 304
811 306
811 382
811 452
811 455
811 685
811 694
811 727
811 733
812 77
812 115
812 334
812 466
812 537
812 562
812 640
813 326
813 567
813 706
814 71
814 237
814 305
814 350
814 556
814 650
814 695
814 726
814 764
814 927
815 39
815 114
815 199
815 402
815 822
815 912
816 6
816 52
816 133
816 163
816 215
816 370
816 583
816 670
816 779
816 802
816 814
816 868
817 347
817 498
817 511
817 513
817 621
817 626
817 694
817 835
818 162
818 203
818 239
818 404
818 527
818 635
818 742
818 789
818 830
818 880
819 90
819 149
819 250
819 302
819 325
819 373
819 466
819 583
819 597
819 700
819 794
819 822
819 926
819 929
819 972
820 126
820 144
820 188
820 199
820 211
820 266
820 281
820 444
820 495
820 597
820 672
821 105
821 107
821 257
821 324
821 495
821 507
821 642
821 838
821 888
821 913
822 66
822 69
822 81
822 87
822 97
822 104
822 124
822 353
822 386
822 390
822 454
822 472
822 560
822 601
822 646
822 781
823 18
823 170
823 276
823 279
823 510
823 658
823 689
823 708
823 781
823 890
824 53
824 81
824 115
824 123
824 409
824 490
824 667
824 682
824 685
824 707
824 742
824 793
824 798
824 834
825 148
825 211
825 329
825 342
825 471
825 530
825 670
825 694
825 739
825 894
825 899
825 969
826 393
826 693
826 701
826 989
827 1
827 343
827 384
827 492
827 588
827 851
827 877
827 886
827 980
828 145
828 177
828 244
828 404
828 812
828 860
828 937
829 197
829 369
829 389
829 509
829 824
829 825
829 851
829 880
829 949
829 976
830 18
830 115
830 265
830 354
830 367
830 480
830 836
830 856
830 971
831 194
831 266
831 291
831 379
831 511
831 639
831 649
831 735
831 764
831 795
831 864
831 914
832 80
832 170
832 190
832 378
832 628
832 722
832 724
832 757
832 847
832 891
832 945
833 100
833 107
833 158
833 275
833 349
833 524
833 590
833 662
833 838
833 936
834 35
834 204
834 309
834 326
834 369
834 638
834 649
834 713
834 789
834 818
834 904
834 912
834 955
835 83
835 110
835 136
835 170
835 194
835 481
835 772
835 880
835 901
835 929
836 269
836 339
836 372
836 430
836 582
836 629
836 640
836 652
836 661
836 794
836 858
836 944
836 954
837 298
837 343
837 450
837 572
837 620
837 659
837 778
837 823
837 834
837 924
838 16
838 49
838 549
838 553
838 719
838 723
838 743
838 870
838 968
838 973
839 19
839 75
839 118
839 165
839 219
839 309
839 433
839 508
839 524
839 530
839 553
839 652
839 711
839 850
839 945
840 2
840 184
840 291
840 324
840 451
840 578
840 627
840 716
840 767
840 787
840 911
841 37
841 59
841 61
841 161
841 271
841 278
841 280
841 464
841 487
841 561
841 889
842 116
842 178
842 201
842 371
842 378
842 387
842 427
842 623
842 636
842 757
842 764
842 807
842 829
842 832
842 840
843 241
843 455
843 465
843 497
843 531
843 821
843 840
843 940
843 990
844 160
844 194
844 245
844 340
844 357
844 444
844 553
844 593
844 641
844 665
844 688
844 834
845 58
845 104
845 243
845 639
845 912
846 276
846 505
846 527
846 681
846 686
846 739
846 773
846 971
847 9
847 207
847 355
847 441
847 567
847 720
847 729
847 765
847 819
848 108
848 110
848 369
848 475
848 596
848 728
848 740
848 746
848 780
848 864
848 892
848 932
849 102
849 111
849 114
849 237
849 286
849 366
849 548
849 627
849 864
849 922
849 971
849 989
850 66
850 133
850 161
850 281
850 446
850 519
850 636
850 727
850 789
850 935
850 950
851 81
851 136
851 186
851 325
851 643
851 694
851 708
851 711
851 922
851 937
852 55
852 375
852 420
852 503
852 550
852 797
853 0
853 523
853 534
853 574
853 807
853 893
853 906
853 938
854 18
854 161
854 256
854 329
854 340
854 360
854 398
854 429
854 630
854 906
854 984
855 130
855 150
855 431
855 553
855 560
855 600
855 705
855 738
856 39
856 180
856 481
856 544
856 966
856 996
856 997
857 15
857 88
857 98
857 185
857 367
857 649
857 730
857 775
857 917
857 948
858 89
858 100
858 146
858 363
858 365
858 505
858 556
858 594
858 634
858 669
858 782
858 855
858 876
858 883
858 989
859 20
859 38
859 327
859 358
859 460
859 759
859 770
859 800
859 855
860 201
860 477
860 539
860 734
860 782
860 874
860 956
861 66
861 109
861 125
861 314
861 473
861 644
861 822
862 46
862 109
862 480
862 620
862 649
862 699
862 709
862 732
862 785
862 926
862 979
863 3
863 36
863 53
863 406
863 524
863 608
863 610
863 719
863 742
863 779
863 911
864 12
864 132
864 148
864 165
864 197
864 358
864 448
864 541
864 681
864 757
864 769
865 21
865 86
865 213
865 282
865 285
865 363
865 503
865 527
865 903
865 971
866 17
866 32
866 44
866 140
866 167
866 240
866 262
866 270
866 286
866 296
866 374
866 689
866 815
867 179
867 253
867 263
867 331
867 363
867 493
867 515
867 758
867 893
867 922
868 212
868 245
868 255
868 461
868 559
868 749
868 770
868 910
869 43
869 131
869 241
869 331
869 360
869 534
869 617
869 742
869 866
870 218
870 283
870 568
870 643
870 664
870 989
871 15
871 180
871 356
871 422
871 476
871 660
871 919
871 923
872 49
872 151
872 208
872 477
872 509
872 613
872 622
872 746
872 929
873 34
873 162
873 241
873 341
873 374
873 401
873 512
873 527
873 568
873 676
873 843
873 857
873 879
873 918
874 74
874 79
874 97
874 152
874 155
874 541
874 548
874 789
874 799
874 816
874 838
874 962
874 978
875 99
875 101
875 248
875 344
875 475
875 522
875 586
875 671
875 702
875 985
876 355
876 373
876 473
876 645
876 770
876 791
876 941
877 98
877 229
877 434
877 462
877 490
877 616
877 643
877 647
877 710
877 844
877 976
877 986
878 190
878 244
878 376
878 384
878 419
878 478
878 521
878 610
878 674
878 682
878 696
878 817
878 839
878 966
879 26
879 68
879 133
879 212
879 252
879 401
879 417
879 681
879 687
879 723
879 810
879 964
880 26
880 135
880 308
880 383
880 409
880 419
880 427
880 467
880 522
880 583
880 695
880 973
881 49
881 67
881 77
881 416
881 462
881 494
881 630
881 677
882 6
882 218
882 281
882 283
882 461
882 465
882 562
882 726
882 736
882 925
882 972
882 990
883 67
883 363
883 385
883 601
883 669
883 850
883 986
884 13
884 142
884 204
884 321
884 491
884 866
884 957
885 306
885 428
885 524
885 613
885 701
885 729
885 924
886 126
886 608
886 749
886 827
886 915
886 948
886 958
887 6
887 99
887 441
887 594
887 730
887 731
887 917
888 75
888 90
888 193
888 202
888 289
888 303
888 403
888 482
888 577
888 768
888 796
888 816
888 975
889 18
889 98
889 170
889 176
889 273
889 459
889 460
889 767
889 855
889 863
889 989
890 44
890 264
890 485
890 490
890 542
890 621
890 952
891 156
891 165
891 166
891 173
891 308
891 358
891 511
891 730
891 767
891 852
891 879
891 891
891 971
891 987
892 60
892 70
892 73
892 97
892 180
892 199
892 317
892 351
892 363
892 418
892 531
892 589
892 599
892 619
892 729
892 809
892 863
893 46
893 62
893 68
893 78
893 287
893 395
893 481
893 552
893 631
893 643
893 846
893 915
894 87
894 135
894 142
894 413
894 629
894 648
894 751
894 888
895 30
895 166
895 179
895 439
895 484
895 586
895 677
895 702
895 761
895 768
895 892
896 65
896 76
896 109
896 198
896 221
896 330
896 484
896 717
897 182
897 214
897 305
897 368
897 466
897 503
897 581
897 589
897 671
897 863
897 867
897 991
898 14
898 22
898 43
898 168
898 377
898 410
898 456
898 709
898 756
899 54
899 249
899 432
899 464
899 537
899 545
899 611
899 663
899 695
899 881
899 917
900 15
900 42
900 83
900 150
900 177
900 199
900 266
900 274
900 303
900 406
900 428
900 480
900 711
900 973
901 165
901 169
901 212
901 413
901 438
901 457
901 642
901 810
901 867
901 982
902 227
902 387
902 529
902 646
902 712
902 731
902 747
902 795
902 808
902 892
903 14
903 88
903 288
903 406
903 559
903 696
903 820
903 949
903 957
904 189
904 205
904 548
904 606
904 770
904 782
904 907
904 983
905 5
905 140
905 158
905 238
905 242
905 339
905 421
905 689
905 764
905 841
906 21
906 83
906 114
906 174
906 189
906 209
906 331
906 507
906 697
906 741
907 61
907 296
907 430
907 536
907 741
907 746
907 775
907 883
907 917
908 2
908 50
908 89
908 102
908 317
908 405
908 724
908 748
908 774
908 794
908 836
909 133
909 305
909 520
909 592
909 598
909 639
909 656
909 698
909 744
909 782
909 797
909 961
910 76
910 88
910 114
910 527
910 617
910 663
910 826
910 981
911 102
911 174
911 199
911 269
911 477
911 510
911 524
911 610
911 631
911 642
911 724
911 783
911 792
911 816
911 863
912 20
912 89
912 300
912 309
912 346
912 375
912 454
912 589
912 700
912 882
912 915
913 2
913 58
913 175
913 200
913 414
913 461
913 471
913 494
913 524
913 642
913 645
913 711
913 767
913 887
913 896
914 55
914 149
914 168
914 193
914 253
914 406
914 756
914 769
914 837
914 891
915 6
915 295
915 307
915 604
915 610
915 730
916 54
916 94
916 109
916 114
916 182
916 324
916 431
916 464
916 624
916 651
916 700
916 817
917 118
917 318
917 603
917 629
917 738
917 790
917 990
918 206
918 425
918 497
918 575
918 845
918 875
918 930
919 18
919 77
919 78
919 160
919 171
919 207
919 243
919 565
919 663
919 683
919 919
919 955
920 148
920 347
920 366
920 413
920 446
920 516
920 622
920 722
920 732
920 804
920 810
920 991
921 28
921 59
921 102
921 184
921 319
921 329
921 365
921 385
921 491
921 541
921 740
921 877
921 989
922 7
922 255
922 397
922 427
922 469
922 493
922 515
922 683
922 792
922 805
922 896
922 916
923 332
923 348
923 484
923 520
923 532
923 586
924 172
924 201
924 264
924 330
924 360
924 363
924 482
924 489
924 494
924 728
924 804
924 836
924 903
924 933
925 23
925 28
925 30
925 211
925 245
925 273
925 302
925 318
925 494
925 519
925 531
925 556
925 580
925 636
925 704
925 710
925 722
926 40
926 94
926 197
926 241
926 380
926 480
926 490
926 515
926 521
926 698
926 851
926 928
927 17
927 316
927 343
927 371
927 472
927 665
927 769
927 772
927 911
927 925
928 11
928 76
928 125
928 167
928 187
928 212
928 224
928 286
928 305
928 390
928 411
928 522
928 569
928 923
929 34
929 56
929 58
929 255
929 683
929 754
929 805
930 58
930 111
930 211
930 398
930 463
930 650
930 748
930 873
930 922
930 933
930 965
930 966
931 88
931 225
931 290
931 600
931 632
931 697
931 706
931 734
932 156
932 214
932 368
932 490
932 657
932 795
932 926
932 934
933 50
933 138
933 193
933 207
933 221
933 251
933 270
933 348
933 437
933 531
933 846
933 926
933 946
933 978
934 408
934 460
934 514
934 635
934 727
934 760
934 873
934 901
934 902
934 929
935 434
935 669
935 813
935 836
935 962
936 75
936 99
936 142
936 315
936 341
936 408
936 589
936 598
936 633
936 810
936 865
937 27
937 156
937 295
937 494
937 772
937 862
937 938
938 19
938 137
938 157
938 415
938 627
938 652
938 701
938 714
938 715
938 736
938 759
938 985
939 59
939 534
939 752
939 862
939 871
939 927
940 195
940 525
940 580
940 586
940 602
940 723
940 729
940 801
941 133
941 286
941 361
941 373
941 385
941 402
941 519
941 781
941 812
941 862
941 866
941 949
942 82
942 181
942 219
942 450
942 739
942 772
942 860
942 954
943 93
943 121
943 216
943 218
943 239
943 248
943 331
943 346
943 442
943 549
943 735
943 770
943 782
943 789
943 866
943 875
943 939
944 53
944 179
944 349
944 403
944 670
944 800
944 892
945 140
945 220
945 261
945 288
945 294
945 304
945 472
945 559
945 691
945 898
945 905
945 916
945 954
945 977
946 163
946 397
946 565
946 581
946 675
946 855
947 66
947 94
947 123
947 262
947 270
947 323
947 334
947 520
947 605
947 653
947 730
947 957
947 965
948 49
948 51
948 184
948 366
948 675
948 730
948 737
948 742
948 780
948 871
948 970
949 60
949 264
949 294
949 410
949 437
949 439
949 530
949 595
949 689
949 715
949 728
949 997
950 36
950 146
950 306
950 311
950 329
950 508
950 563
950 564
950 612
950 705
950 797
951 182
951 325
951 353
951 400
951 642
951 787
951 850
951 876
951 881
951 939
952 40
952 61
952 198
952 365
952 598
952 660
952 768
952 962
952 975
953 157
953 176
953 264
953 278
953 406
953 429
953 488
953 513
953 633
953 738
953 799
953 880
954 5
954 110
954 218
954 257
954 438
954 642
954 668
954 798
955 1
955 169
955 244
955 339
955 427
955 530
955 647
955 699
955 793
955 849
956 106
956 318
956 423
956 458
956 649
956 723
956 783
956 914
957 76
957 119
957 272
957 324
957 429
957 510
957 688
957 726
957 832
957 854
958 201
958 258
958 457
958 501
958 526
958 546
958 609
959 36
959 48
959 172
959 196
959 230
959 332
959 337
959 355
959 698
959 963
960 33
960 121
960 168
960 403
960 487
960 619
960 735
960 760
960 815
960 992
961 36
961 72
961 245
961 292
961 349
961 381
961 398
961 402
961 485
961 492
961 517
961 652
961 653
961 718
961 919
962 181
962 196
962 214
962 398
962 568
962 709
962 791
962 901
962 909
962 953
963 231
963 271
963 498
963 674
963 709
963 877
963 880
964 352
964 414
964 455
964 556
964 604
964 664
964 804
964 805
964 902
965 330
965 796
965 907
965 970
965 985
966 70
966 91
966 225
966 259
966 312
966 406
966 444
966 623
966 645
967 26
967 85
967 87
967 288
967 302
967 346
967 523
967 528
967 695
967 931
967 964
967 967
967 985
968 180
968 275
968 512
968 513
968 515
968 625
968 667
968 754
968 832
968 996
969 193
969 434
969 534
969 540
969 551
969 603
969 667
969 724
969 923
970 249
970 286
970 337
970 459
970 468
970 609
970 723
970 730
970 911
970 956
971 0
971 159
971 356
971 417
971 425
971 505
971 567
971 572
971 590
971 677
972 70
972 164
972 170
972 593
972 722
972 795
972 810
972 811
972 859
973 169
973 172
973 299
973 300
973 427
973 468
973 526
973 586
973 670
973 984
974 106
974 298
974 752
974 760
975 5
975 110
975 115
975 219
975 311
975 473
975 478
975 707
975 810
975 876
976 174
976 400
976 591
976 612
976 658
976 777
976 860
976 935
976 994
977 48
977 119
977 220
977 254
977 409
977 462
977 886
977 941
978 89
978 131
978 544
978 633
978 653
978 768
979 14
979 65
979 96
979 354
979 410
979 422
979 431
979 581
979 667
979 743
979 763
979 938
980 23
980 93
980 224
980 240
980 244
980 255
980 269
980 368
980 520
980 571
980 650
980 737
980 752
980 947
981 56
981 553
981 590
981 745
981 860
981 890
982 63
982 78
982 86
982 117
982 384
982 480
982 494
982 700
982 944
983 8
983 170
983 341
983 531
983 667
983 703
983 783
983 797
983 877
984 87
984 258
984 680
984 780
984 873
984 995
985 80
985 130
985 395
985 457
985 557
985 561
985 597
985 635
985 727
985 765
985 774
985 817
985 931
985 981
985 982
986 8
986 24
986 70
986 172
986 225
986 438
986 485
986 807
986 814
987 24
987 105
987 189
987 218
987 372
987 477
987 632
987 708
987 716
987 891
987 896
987 914
988 6
988 56
988 334
988 339
988 454
988 642
988 869
988 887
989 115
989 159
989 184
989 232
989 372
989 390
989 527
989 855
989 970
990 163
990 237
990 286
990 466
990 833
990 900
990 921
990 967
991 37
991 39
991 100
991 284
991 568
991 684
991 813
992 169
992 244
992 336
992 352
992 362
992 456
992 495
992 660
992 673
992 723
992 750
992 919
992 938
992 986
993 36
993 96
993 227
993 255
993 266
993 278
993 323
993 483
993 588
993 632
993 756
993 909
993 996
994 1
994 158
994 195
994 236
994 277
994 319
994 424
994 452
994 475
994 839
995 1
995 85
995 95
995 101
995 175
995 378
995 455
995 478
995 497
995 661
995 714
996 68
996 240
996 383
996 464
996 514
996 547
996 625
996 670
996 763
996 926
996 957
997 34
997 111
997 115
997 162
997 184
997 342
997 434
997 437
997 922
998 98
998 151
998 326
998 422
998 619
999 50
999 240
999 457
999 578
999 777
999 975
